-0.58767242,-1.36639938,-0.91574525,2.05064300,2.13805682,-0.76252860,-0.35194643,-1.89835998,-0.52454297,0.46179468
0.12418528,0.05828685,1.39477330,1.53471086,-2.05741437,2.26245752,1.91244829,1.55174208,-2.22049157,0.16677820
-0.38205121,-0.27964369,-0.53453229,-0.66755354,-3.08477877,2.17347206,0.88361430,-2.64005289,0.26463294,0.76071005
3.18747877,-0.09341252,-0.98321353,0.17462522,-0.69888810,2.23333172,-0.48425131,-1.38176719,-1.60159626,-0.43945817
-0.09398831,-2.45083651,-0.23666461,-1.73489447,-1.08269997,-0.27503495,-1.16256030,-1.96453869,1.30108844,0.35265890
0.93174031,-0.21165642,-0.06690288,-1.69324744,-1.73683456,-0.31260240,-0.13883349,0.79177534,-1.79609500,0.24366312
0.16420111,-0.49924101,-0.45442863,0.03858622,-2.15299783,-0.21762597,-1.33236080,1.36472898,-0.57805969,0.38919991
0.71742169,0.04782271,0.20489617,0.68190869,-1.26268424,-0.34163784,-0.44046015,2.33341456,-1.67187801,0.21066522
0.56344095,-0.25904177,0.20397726,-1.72767925,-1.92459846,-0.25625935,0.73917862,-0.45137109,-1.08516509,-0.34568996
-1.49833221,0.36156418,0.68028894,1.56383429,-2.07029949,2.25786516,0.42817879,-1.40248118,-0.11650411,0.07700873
0.68080039,0.16210838,-1.37833033,1.60205446,2.39240580,-1.18785249,-1.68652396,-1.57273930,-2.44996294,-1.48091529
1.36975871,-1.02735902,-1.53307756,2.20430045,0.26972022,0.95089254,0.41943651,2.07138916,-0.92639670,-0.95861339
1.71089751,-1.75569901,-1.43441100,1.29299949,0.57159682,-0.06326708,-0.14182211,-0.39920104,2.44957677,0.36206346
-0.78412280,0.07305876,-1.04355149,1.26511588,-2.37180969,4.45148925,2.08431052,0.48046028,-0.01419013,0.49233377
0.85532741,0.27744581,-2.44637254,0.45507179,-1.55932277,-0.79356486,-1.25846575,-0.99470415,-1.02069063,0.73726566
-0.49844781,-0.74652512,-0.31492306,1.09601396,0.01227712,1.43365865,0.00236158,-1.48290587,0.33014102,-2.55261414
-0.57505600,-0.06425983,-0.11211809,-0.35172573,0.09015501,0.37144428,0.87026517,2.15458609,-1.06205742,-2.10749495
0.97259840,-1.74500078,-1.49016441,2.11259447,1.39128175,-0.02767304,-0.51195645,0.31135204,1.15105160,-0.02735224
-1.51787736,-0.18774071,-1.34069361,2.18861294,0.16176939,2.48014660,1.50277328,-0.91647912,-1.26281195,-0.78864542
-0.14719677,-0.10688222,-0.69428219,0.03641813,-2.18278581,3.10185563,1.27969983,-3.31205448,-1.51534418,1.00942039
0.59185654,0.26647274,-2.26695812,-0.34391024,0.03280249,1.67298087,0.57907595,-0.98367254,-1.71730474,-3.89364305
0.69319086,-1.54502891,-1.28160046,1.35746793,1.94543315,-0.40430371,-0.28609925,-0.03313341,0.77775624,0.70840124
0.64264385,-1.08788977,1.61711361,0.89577291,-0.27514480,2.24059222,0.28738442,3.28871904,-0.28256116,-0.28215318
0.00164618,-0.75730019,-2.41186615,1.96207389,0.02218250,-1.40943899,-0.37658977,0.49559917,-0.00047527,0.51073698
-0.05788394,-1.68704701,-0.44666764,0.28314575,-1.72709353,-0.33163611,-1.45832764,-3.36009303,1.94653216,0.17531757
0.59288696,-1.08279870,-0.62804727,0.57932762,0.76867620,1.40428622,0.15616916,-2.39605630,0.87081542,0.25826950
-0.14231677,-2.66906031,-0.52233081,-3.14019151,-1.11413950,-0.49027252,-0.71880502,-0.10063507,2.01006430,-0.81275442
0.74558738,-0.10600308,-0.18763876,-1.27436325,-2.12334766,1.71333658,1.37350006,-0.68709182,-2.22583971,-0.35329395
0.35109928,0.51131839,0.61402730,-1.99691009,-0.61050570,1.79696103,1.72739555,2.57515939,-3.91886315,1.20199915
0.59224429,-0.47620735,-0.29792258,-1.34320901,-0.51840483,0.31477912,-0.91367817,2.68493343,-1.02867810,-0.10611683
2.10539638,1.49832607,0.56417724,1.32955181,-0.88258373,2.30254706,1.03964894,1.83437380,-0.44590733,0.02887361
1.54611116,1.32409243,0.64633562,-0.98268124,-1.82812352,1.34597167,0.61605728,1.09758074,-1.51558875,-0.03773201
0.08457118,1.09011743,-1.09871168,-0.07786352,0.65342528,1.87265657,0.28862349,-0.29968745,-2.63816758,0.11351882
0.63091978,-2.17799764,-0.70949708,0.87998452,2.00055423,0.64369809,-0.69210809,0.88764919,-0.04432556,0.69546714
0.35577094,-0.32282030,-1.08283334,0.47318266,-0.82023391,-1.30777797,-0.50851266,-1.82304640,-1.43564091,-0.03125127
0.71867004,-0.15289278,-1.69799299,0.64733914,-2.15937052,-0.55943026,0.13055273,2.24519603,0.96413291,0.52247669
-0.19760372,-0.03042978,-0.69284950,1.35417873,-1.70581988,1.57310872,-1.26620693,-1.02295145,-0.68763397,-0.54497964
-1.35521244,-2.79099230,-0.85744903,0.85769504,1.52677070,0.17550616,-0.77446514,0.03409547,0.94221209,1.40201869
0.03790637,0.38090655,0.42766426,0.77704441,-0.51579924,3.29995028,0.82102870,-0.87710483,-2.35044054,-0.53772912
2.24725586,-0.07226205,-0.34266729,1.63341859,0.58594134,-0.55484386,-1.07133946,2.40957463,-2.00936708,-0.85102724
1.17726741,0.03841159,-1.28880987,1.15930654,-1.53212529,1.77928237,0.20050130,-1.53134957,-0.70883594,-1.05937149
0.49088799,-0.77268149,-3.19684004,0.35850826,-0.67599354,1.32124033,0.82850422,-0.59056249,1.04317737,0.13109087
-0.10309115,-0.83025032,0.03928069,-0.53280337,0.04860395,1.26488777,0.32188804,0.42454975,-0.31714694,-0.92312132
-0.67326875,-1.09393525,0.19019936,0.10222188,1.56396272,-0.17995096,-0.49343997,0.73182539,-0.60363531,1.05939388
0.19089756,-0.19511043,-2.12602947,-0.07977981,0.77501167,1.78589236,0.38068568,0.59213905,-2.23836732,-1.59114583
-1.46004340,0.24070075,-1.52768164,-0.14340909,-2.88357882,-0.23183670,0.65750337,3.15074156,-0.53417835,0.57548084
0.13933291,-0.54216871,-0.42962597,0.38236008,-0.42966041,1.83059323,1.55141216,1.12813051,0.16778512,-2.96004994
0.64883429,1.15423194,0.33181848,-1.58586253,-2.22999695,-0.31599831,0.38631635,0.66455815,-0.36606736,0.36426774
0.53805855,0.98459850,-1.19066754,0.12226163,-0.58973720,0.97706169,-0.97526944,-2.12569050,-2.73585016,1.51683505
-0.85729453,-0.55207697,-0.21133375,-0.21929608,-0.66775053,3.42208096,0.64431199,-0.01062597,-0.06062879,-0.26923523
-0.11542928,-0.88159094,-1.73068936,0.92802057,0.75222639,0.97439550,-0.78479172,0.08712377,-0.87440934,0.88556863
0.12711066,-0.94089702,-1.31613762,1.59742620,0.16414299,0.67458967,-0.91717279,0.51503797,-0.20362162,-1.91667329
1.21595258,-0.91192386,-0.89156131,3.37238604,-0.01478104,-1.24436620,-0.54948756,-0.62770004,0.59011803,1.35628255
0.19447607,-2.23276730,-1.43144480,-0.26802646,-0.53550159,2.74921244,0.50406248,5.72901654,0.43942813,-0.85357800
-2.17075636,0.18259175,-0.54775286,-1.25660157,0.63836107,3.10080521,1.31082570,0.42031993,-0.64004566,-1.12417912
0.12639239,-1.42007481,2.34442778,-0.70842517,-1.58776314,1.36836941,-0.33638963,-0.22616152,0.55272038,-0.55674716
-0.82215449,-2.22958100,-1.53890032,1.05491558,-0.40764183,0.92744692,-1.39651346,-1.18549505,1.43427985,0.00348656
-0.17437043,-1.24884984,-0.85251228,2.05224519,0.02527986,3.22343321,1.33367275,-0.30850017,2.76166637,-1.67984748
-0.03382927,0.20654081,-0.65725099,-1.04593362,-0.57118264,0.87655921,0.14860385,0.71864217,0.67472046,0.86890120
0.81959965,0.65808456,-0.72123461,-0.12211063,-1.92205079,1.04529906,-1.73646386,-1.09761869,-2.62957709,0.58221516
0.20954858,-0.32578966,-0.60412231,0.07944125,-1.28328708,-0.39876852,-1.41383549,-2.67808506,-0.51356242,-0.55828849
-1.50997241,0.10608780,0.18785298,0.17437335,-2.63445433,2.12061828,1.11325184,-3.59263315,0.05501927,-0.62975287
-0.41005374,-0.73443617,-0.80510820,0.58777103,0.13625973,1.12783940,0.35146097,-0.18620489,-1.36555178,-1.15233352
-1.21337618,-0.41585934,-0.77578487,1.27559358,0.44316170,1.57685079,-0.18620178,1.17386731,-0.41568990,-1.71730565
0.45725780,0.31946871,1.20491998,-0.52153822,-1.33405813,-1.09717789,-0.13105651,0.68100028,-0.78757132,0.24683831
0.66019351,-0.19671249,0.05634391,-1.03390369,-0.30755308,0.56868692,-0.09190736,2.76592375,-0.27089018,-0.37801598
1.57197093,-1.59241087,0.01865361,1.05142953,0.77498895,1.14161384,0.46656120,-0.66224298,-0.12228420,1.52187288
0.68827114,-1.93855138,-3.03401735,2.04827750,0.88420463,-0.75338058,-0.66204057,0.91047316,2.05748897,-0.14374435
-0.86573470,-2.12086706,-1.76655988,0.66868722,-0.31342522,0.09916164,0.08290577,-0.20561432,-0.15490939,-0.19950876
1.47100617,-0.86412402,0.59884208,-1.36258296,-1.14422601,0.15084998,-1.11886048,0.36133562,1.71461295,-0.62401142
-0.06285947,1.88401213,0.11906576,0.92780317,-0.31239739,2.28170984,0.53796781,-0.19047393,-0.07217858,-1.26371738
-0.58110079,-2.70745783,-0.23426795,-0.99627508,-1.88709175,0.30491718,-0.40540806,-0.90728965,1.54496111,-0.71636053
-1.63419109,-1.11305537,-0.28312792,1.18802739,-0.08218845,0.62649058,-0.40069411,-0.76817446,0.74553264,-1.19970948
-1.06498266,-0.94229026,-1.42881228,2.09777976,1.61784245,1.14258388,-0.53316674,0.40095343,0.32849138,0.66170449
0.76421530,-0.16863030,-0.70289740,-0.40464315,1.15215502,1.49179400,0.61896564,1.08325883,-1.13111260,-2.21950552
-0.67204708,-1.09626816,0.70754262,-0.81531431,1.30292171,1.59854335,1.06897329,-2.33665267,-0.01163639,0.76085674
0.86725464,-0.86288549,-1.06061039,1.53762648,-0.29022878,1.65778575,-0.13207541,-0.33239903,0.37646105,-0.92960937
2.39754297,0.61715017,-0.53481409,0.59830258,-0.43080690,1.72019506,1.13633380,-1.07183434,-1.06859603,0.84867351
1.44176956,-1.42272187,-1.20820110,2.28501230,-1.04849301,-0.39236296,-0.49643445,-1.28925189,1.30871587,-2.09204121
0.39147629,0.39257098,-0.25181487,-1.48623730,-1.97461837,-1.06169023,-0.32939395,-0.69422813,-2.00476641,0.75685926
0.79570600,-2.81612849,-0.30503243,0.14397373,1.55412080,1.13677867,0.34364621,-1.85321953,1.09307748,0.97592603
0.97829075,-0.58162015,-2.27538288,-0.97621183,-1.04553043,-0.47521450,-0.27132315,0.57832446,0.94972410,0.29216902
-0.75480251,1.27557668,-0.93068276,0.94783091,-0.98256261,3.77067565,0.06886701,0.85349031,-0.95959318,-0.26449257
0.94007312,-2.30788485,-0.95689642,0.33600807,0.51549197,1.00289922,1.44149841,-1.07243566,1.74847729,1.00817043
0.53081250,0.69851221,-1.54841697,1.72518747,1.97035783,-0.57452012,-1.32406672,1.19246959,-1.04847839,2.45581246
0.11533460,0.81220589,-2.11830554,-0.61300250,-1.98980960,1.29097280,-0.03080961,2.56958069,-1.12698239,0.60045193
-2.40477738,0.28837917,-1.26852176,0.01452554,-0.40378442,2.72891036,0.48592129,0.48712638,-2.24655945,-0.46475814
-0.37219174,-0.97143005,-0.89225278,-0.69917110,1.66608325,1.51772945,-0.18223789,1.94123969,1.78566528,-0.40568911
0.07874473,-1.02911205,-1.48280115,3.02945219,-3.18101802,1.60947043,-0.18069366,-0.08485645,1.86372119,0.10865949
0.02179098,-0.06832113,0.12947243,-0.86323311,-1.14073335,1.91750150,-1.35028886,-0.73512299,-2.05602598,0.71145107
-0.81966114,0.75401576,-0.68811171,-1.09797664,1.24996041,2.18744159,2.14897350,-1.99603120,-2.38638309,-1.28103549
0.83689752,-2.47778989,-0.97079977,1.11196601,1.90899607,0.26019017,-1.17868900,1.74045395,1.01712231,1.97937217
-0.36858065,-1.62684886,-1.62964785,1.44551494,-0.28320843,0.87088906,0.20176766,0.35071692,1.42450588,0.22105442
1.40894440,-2.08086528,-1.52007165,1.19659247,-0.79117388,0.04144741,-1.49060952,-0.12200962,1.20358708,-2.14665513
2.20691512,-0.59205649,-1.39809836,1.50594348,0.20093155,-1.61851324,-1.48252688,1.04981016,3.67922230,1.10637664
1.33493630,-1.34281372,-0.14540558,0.49135610,0.52435498,-0.33591017,-0.48277423,-2.44487530,1.76301907,0.38976814
1.30765250,-1.13161653,-0.27560888,-0.45836399,-0.31966033,1.50792096,0.28419525,0.43895211,1.61153061,0.07785736
0.29700283,-2.05788840,-1.14560855,1.13368131,-2.78983544,0.21512302,-0.16691399,-0.70003013,-0.82235220,-1.40992590
-0.82955130,-0.20049507,-0.31802376,-0.35218922,-0.45466227,0.04801091,-1.08771048,-1.18913173,-0.82098709,-0.21916341
0.39297532,0.81770174,0.98156803,0.09548593,-0.09876047,0.45507232,-0.84744634,-1.18673545,-0.28677759,3.27099868
0.91959293,-0.02321978,0.18321208,-2.23616119,0.52050838,1.28028595,-0.32843378,-1.12273009,-0.44608333,1.26880382
-0.13348859,-0.00243865,-0.31728634,-0.20578443,-2.06043872,1.59349428,0.48299351,0.99952483,0.64662862,-0.01296763
-0.46029351,0.15847384,-2.05208896,0.02880964,-0.57682424,1.46807306,1.60512118,0.19508766,-0.48803692,1.10753534
2.04480717,1.05618242,-2.28979712,-0.78477169,-1.43234737,1.45810071,-0.01867005,1.69693407,-1.47915839,0.55508221
0.09565858,0.83518954,-0.11868808,-1.31614049,-1.71793827,1.97442329,0.95353135,-0.49008534,-2.22787283,0.89549324
-0.11083734,1.86662617,-0.20171587,0.64856076,-1.86280088,2.11751496,3.06240059,0.08063434,-2.02840932,-0.81036174
-0.88898711,-1.73545621,-0.94396840,1.10166625,-0.86455030,0.15670405,-0.03085830,1.37872355,1.19441035,-0.58388619
-0.37203046,-0.78345629,-0.18418110,-1.05598369,-1.99318137,-0.48803467,-1.09153774,0.63799660,-2.11560531,0.61555684
0.43042412,-0.38473779,-1.50140549,0.61370756,-2.38110007,-1.08131933,-1.43862269,-0.90802059,-0.48175630,0.20771159
0.81120368,0.45003470,-0.76959605,0.61472944,1.24219550,0.92467291,0.30922466,1.49734500,-2.20279527,0.77914914
0.16616524,-0.57846450,-0.28390878,-0.57777619,0.22942933,-0.16190645,-1.08228911,0.74519495,-2.04660868,-1.56941960
0.39892005,0.03033608,-2.24824679,2.64769925,-1.88843662,1.61791320,0.63613276,-0.66417430,-0.60750326,-0.47235404
1.51098639,0.48312510,-0.78353495,1.02441493,-2.97543721,0.56043988,-2.06580009,0.23006065,-0.15902173,0.05073541
-1.21422597,-0.62759094,-0.99770006,0.19748926,-1.39861702,2.11811136,0.64922444,-1.85614378,-0.25515147,-0.99283441
-1.51926898,-0.37025078,1.20328213,0.94971199,-1.37484074,1.15063471,0.47202923,-0.43244821,0.73568649,0.56277151
0.19991850,-2.31429898,-0.88552740,-0.03663045,0.58497646,0.60726486,-0.83813709,-0.93643999,0.19349585,-0.07005029
0.40117499,1.28359635,-1.12006837,-0.67564241,-1.90957239,-0.99148522,-1.31812569,1.87941348,-2.94252156,-0.25271701
-0.55472353,0.79524607,1.33701364,-1.33026730,-1.59894108,2.32644669,2.30763301,-0.06059950,-1.62905424,0.29426539
0.86996765,0.59367133,-0.89073858,0.75993502,-2.06553249,1.24452596,2.11056565,-1.22570060,-0.97963960,0.46351946
0.50857123,0.37694408,0.45872805,0.60050781,2.14022849,1.51790771,1.20056231,-0.49760540,-1.12508849,-1.65922824
1.88640008,0.71322471,-1.27276665,0.68267877,-0.72179415,-0.59456047,0.30231613,0.66323072,-2.08015459,-0.58087967
-0.85976323,-0.81504229,-0.17272076,0.13785635,0.13391969,0.05303442,-0.27020133,0.42176181,-0.28143668,0.37138871
0.55627469,-0.85498949,0.31042517,1.93115262,-2.45119587,0.90041068,1.23344588,0.17444935,-0.74051203,-1.83509810
-0.57713594,-1.00376258,-0.62217919,1.08076840,0.58306848,0.14824017,-0.66303701,0.29385129,0.39622630,-0.41200147
1.53615535,0.47590516,0.16908584,2.46707138,-1.21983270,2.73625427,-2.01137388,-0.74673819,-3.02329815,-0.60351496
1.43846278,-0.37531534,0.49706507,-0.59249464,-0.49682929,-0.40957554,-0.22523999,0.40376458,-1.68639467,-1.30038853
0.32249456,0.92986613,0.25232353,-0.95197266,-0.56334239,2.26718434,0.35601474,0.24336650,-3.52111578,1.20694707
-1.79464503,0.12056726,-0.31413846,-0.30008143,-1.43996977,0.82699551,-0.26604669,1.79642469,-0.93257351,-0.58096454
-0.42445276,1.01992939,0.33352475,0.01369070,-0.75159363,-1.69958267,-0.61120021,-0.21634718,-1.51112856,-1.54852950
0.46414668,-2.94725008,-1.66130959,1.91148536,0.92280354,-2.01733680,-0.66438846,-0.60678703,0.60838199,1.33173667
0.33004314,0.56464186,-0.34215887,-2.47485977,0.46505063,1.97601875,0.31998842,-1.01262927,-2.53367016,-0.39633717
-1.03385405,-1.74604360,-0.92168416,-1.44485556,2.12494403,-0.41396672,-0.92519414,-1.03372130,0.77967855,0.14010629
-1.30899369,-0.21272400,-1.27077306,-1.21214094,-1.53596796,1.52032573,-0.14108645,-0.85683723,-3.63803696,0.07027861
0.38382777,-1.20194331,-1.78790019,3.44606812,-0.86505491,-2.08679889,0.15452402,-0.54540825,0.47455005,-0.92099542
-0.20163360,-0.73913192,0.48838434,2.79216005,2.71088580,1.37399473,-1.79219191,1.03771635,0.30638350,0.91142553
2.21343200,-0.25857114,-0.36290939,-0.36903072,-0.66273246,2.28032429,0.42128957,1.92968630,-0.26960619,-0.06950001
0.78787820,-0.72620197,-0.52971627,-1.24393498,-0.65766556,-1.08597224,-1.98822173,-2.87284759,1.30759251,0.36842145
-1.07954273,0.07754282,-0.00806931,-0.80874670,-1.86731738,-0.59926743,-1.08840424,-0.08678275,-1.04485342,-0.22207833
0.60045919,-0.06164058,0.13653662,-0.42108496,-0.68659403,1.70293642,1.67170772,0.38106041,0.08984602,0.88526565
0.06043830,-1.87657979,-1.15342978,-0.23503026,-1.11731261,0.53585690,0.90722115,-0.32156947,-0.50448892,-0.18711147
-0.36913583,1.30844645,0.19650074,1.77761240,-0.27166614,-0.84618595,-0.99477797,-0.54917708,-2.34014638,-0.24466726
-0.24054193,0.46572788,0.11556920,0.11409649,-1.44223612,2.37744311,0.33035541,-2.78604532,-0.53109477,-0.23615850
0.61930479,0.70935134,-0.76697384,0.42031891,0.05906050,2.57909621,0.50969618,-0.99953566,-2.28446137,-0.44139483
0.36679465,0.50540502,-0.62698229,-0.43332160,-0.74172031,1.82817418,0.14988302,-0.68432183,-3.03373557,-0.11441745
1.61097857,0.65766626,-0.55027148,-0.23145992,-0.63561468,1.54414103,0.07118166,-0.93465180,-0.27869535,-0.56650867
-0.98665910,-1.24928472,0.15960993,-1.34528166,-0.50229675,1.05466044,-0.92266721,-0.78896669,1.19297527,-0.32441580
0.06731801,-0.85822193,1.17161598,0.06261228,-2.02548789,0.86543076,-0.84425231,2.97814989,0.51578303,-0.68816476
-0.01490593,-0.17073526,-1.10243532,0.37428380,-1.61360386,1.05570855,0.06455173,-1.78991452,-0.71767779,0.47676366
0.41738424,-2.30823169,0.23773490,-0.44779848,-3.54894571,0.72683235,-1.38399764,-2.30737532,2.22647504,-1.65712045
0.82979653,0.88149788,-1.25223052,0.04787668,-1.07466477,3.02965154,0.70469862,-1.83767649,-3.07171863,0.29782945
-0.93776492,0.97047866,1.01624178,-2.05506985,-1.04349302,2.00175609,0.63215465,0.57038727,-1.44160687,0.57218725
0.02454623,0.68228848,-0.85162976,0.65656474,-2.16089227,1.32225237,0.07491076,-0.33024654,-2.41330776,0.27543863
-0.94716646,-2.69089348,-0.04128300,-0.97167024,0.72910158,0.53438895,0.17418820,0.29366772,0.85587011,-0.40143848
-0.51659951,-0.81651197,0.53174638,-1.90030719,-1.39278951,-0.53076011,-0.45987429,0.03523927,1.04739089,0.16131915
-0.00609145,-1.78113452,-0.00342708,0.81571049,1.15215550,-1.87186462,-0.87800932,-2.79639501,1.61915684,0.20866735
1.22392245,0.62096769,0.85832309,-2.23288979,-1.32996274,1.58700192,2.23184771,-0.32716841,-1.62762087,0.05829117
0.08372293,-1.57355828,1.17728451,-0.54594742,-0.38765066,-0.27519837,-2.12897673,1.44664163,-0.63936747,-0.11772052
0.12016596,-0.52219807,-0.11458155,-1.80838680,2.15149877,3.80430804,1.80454885,-2.66872724,-1.77352035,1.29603777
1.76831068,-0.57366899,0.49449565,-1.56893341,-2.98332232,-1.11762396,-0.27559882,-0.41862640,-0.39459563,-0.19727633
0.38066695,-1.35343440,-0.47913760,1.22521517,2.19515438,1.24018938,1.54968909,1.17528356,0.15552516,0.68442440
-1.18928280,1.31914273,0.04284671,-0.06599911,-0.35839356,2.30980542,1.95714300,-2.72714718,-1.95977510,-0.44800560
0.93767674,-0.46540549,1.33421379,0.73597219,-2.03583961,2.22348901,0.35898477,-0.12315979,-0.04228632,0.61230177
0.19536049,-0.49818695,-0.73174841,-1.73115800,-1.28036302,-0.58572368,-0.51941937,-0.52923559,-1.17374846,0.36243310
0.78676583,-0.67778384,-0.22733343,-1.86514048,-1.60363723,0.75551630,-0.55345051,1.52337538,0.14248293,-0.31663917
-0.48506804,-1.15156547,-1.49122482,1.88285477,0.61435408,1.83584305,1.02745262,0.12742563,0.20320475,0.06469611
-0.17788824,-1.22555800,-1.25541303,2.11490414,-1.40043273,2.16035693,-0.10589601,-2.00137091,0.67957108,-0.24199815
-3.01746395,-1.81166776,-0.19385101,-0.74031957,1.35540966,3.52833210,1.21375568,-0.62820470,0.86680386,0.52784393
-2.16113658,-2.14687209,1.00201701,0.05903100,2.30849410,2.00168394,1.10849019,1.15699958,-0.64289499,1.31464403
-1.19392762,-0.48075000,-0.64645565,1.61550257,-1.11281331,0.90911212,-1.48931727,1.00496334,-1.51595541,1.04263945
-0.51114402,-1.58275142,-0.27507134,-0.46141656,-0.08661886,0.82319091,0.85875908,0.35899648,2.56414205,0.02228178
-0.03743738,-0.68353505,-0.61502269,-0.32822750,0.18881651,0.16907107,-1.00097825,-1.01820417,-0.15859882,0.67023416
0.50099189,-2.00883464,0.27924317,-1.48284990,-2.11890139,0.55356651,-0.46821273,0.16302335,-0.52808986,-0.59887490
-2.07562319,1.62448958,-1.15708691,0.59631923,-0.27805516,1.98811246,1.47682032,1.52877935,-1.69094992,-0.18543036
-0.22745956,-0.26363269,0.38192043,1.94288706,1.91914424,2.11815481,0.63079100,-1.49197772,-0.50834939,-2.54475320
1.16040665,-0.90645712,-0.47923981,0.76410648,-1.24008315,0.42718910,-1.06957082,-3.07721246,1.31091947,0.71855698
0.53754301,0.05536024,-2.14866156,2.17937333,-1.77913512,-0.78192915,-0.86750485,-2.87564500,-1.15658150,-0.56901103
0.76324172,-0.62674323,1.59212024,1.76304585,-1.86375334,-1.81196380,-1.39290680,-0.13266500,-1.11481777,0.08674647
-0.04290607,-0.53380075,2.46587646,1.31466133,2.06685139,3.55954417,1.40368661,0.54194210,-0.55346022,2.35480716
-1.07414004,-1.36320807,-0.45978389,-0.97114986,0.54256903,-1.00972071,-0.59420809,-1.40536403,1.16263794,0.98073607
0.89532040,-1.47602740,0.28985498,-1.56944010,-2.41120048,0.05823468,-0.43118534,-0.67260426,0.24705692,-0.41519745
-2.12882056,-1.09911632,-0.51022878,1.69501793,-2.10174301,-0.27478477,0.22393237,1.12658422,0.71326957,-1.72772902
-0.50392339,-0.23845159,0.37986445,2.06642201,1.55834164,-0.82698640,-0.25313235,2.32474291,-0.64818224,-2.06333575
-1.90385116,-1.10025055,0.16963727,0.19779641,1.14021078,2.63790601,2.20320537,-0.12919694,-0.66359197,0.82954504
-0.02928199,0.58846018,-1.20880434,1.12383341,1.21630563,2.24971965,0.89554434,0.71149953,-1.36423068,-1.33287099
3.43058479,-2.19189839,-0.63280736,-1.51152080,0.18008747,-0.86870533,-0.08305001,-0.45795279,0.79451960,-0.79813700
-0.85334593,-0.58261569,-3.02548795,3.01584715,-1.76542086,-1.90443074,-2.47732375,-0.08924544,1.02469940,-0.51574435
-0.90853737,-1.09751159,-1.36685807,0.94243073,1.21176878,-1.54649341,-0.42184031,-1.61531573,0.19228658,-0.29403361
1.91463503,0.10114925,0.10265908,0.86383897,-1.11770265,3.51176594,0.58658196,-0.84304609,-0.88747445,-0.67002792
-0.48414669,0.64242744,-0.46415344,-0.73894782,-3.37725123,3.05181960,1.11238948,-0.42104212,-0.89381607,0.65776902
0.36285380,-0.87149442,0.74312052,0.21125955,-0.60811308,3.00809317,2.38537749,-0.50452235,-0.71664312,0.84733500
0.16567781,-2.23031875,-0.44783424,0.13525784,-0.05801281,0.92375284,0.21815801,-1.41183768,1.62034376,-1.50300780
0.53207419,-1.95414988,0.20046086,-2.03433825,0.46341655,0.88154485,-1.53757138,0.87492488,0.53463248,0.77310113
0.15232131,-2.39847373,0.66037877,-1.36686564,-1.10559878,0.52227589,0.23883921,-3.22873683,0.14834701,-0.59617494
-1.75805217,-1.52111054,-0.02827985,0.66443223,-1.83444969,0.41756366,-1.97435700,1.13633080,0.16084608,-1.81352020
0.54433060,-0.64306751,-0.64526188,-0.44138324,0.26520890,-0.23644504,-0.85110688,2.79879951,-0.85081403,-0.64688162
-0.89522403,-0.91882479,0.23812780,0.12165383,-0.31318831,0.98538528,0.61141587,-1.05258082,1.35752314,0.37983130
-0.18426073,-1.43742768,-2.00129507,1.87319430,1.66047365,0.37240171,-0.18499644,-0.37777053,0.23290134,1.09561990
-0.26483044,-0.75040130,1.00642904,0.06759695,-1.43234545,0.97061409,-1.02034294,-0.96100032,1.31655219,0.88454772
0.38562481,0.27012763,-0.33904744,-0.46989205,-1.25860437,1.21581805,1.22075328,0.63675837,-0.55822874,-0.15198764
0.56337704,-0.62660161,-0.79581043,0.85345456,-0.78929062,2.11693385,1.18107115,1.05350000,-0.54150448,-0.57010093
0.46858173,-1.87263997,1.53069419,0.03864699,-2.22944357,-2.31568185,-1.28046976,1.69688606,0.35121065,-0.29357730
1.83043840,0.08917774,2.06795988,1.32421921,-1.07898390,3.88277448,1.11254713,3.15774445,-1.73897784,0.76934093
-0.39546698,-1.17372845,-0.61203010,-0.55266036,1.16843701,0.41723707,-0.46597266,-1.18964945,0.82463471,0.76724347
-0.20103197,-1.47039690,-0.15201629,-0.96113946,2.93021141,1.01263296,0.22459568,-1.93511953,1.73173149,0.86260340
1.39837748,-1.59867628,-0.79096098,-1.37457755,0.09866796,-0.61323798,-0.27339164,-3.05296276,2.19512981,0.26091943
1.19931402,-0.48254686,-1.07192682,0.61833421,-3.19853243,-1.17195972,-0.79284321,0.53538391,0.82639063,0.58610511
2.21170261,-0.56516911,-0.75219690,-0.89762496,-1.69417018,2.26380278,1.17451323,-0.92308410,-0.40400916,0.00042887
0.03839250,-2.76422272,-1.40145645,-3.32463730,-1.33243611,-2.59755135,-0.93707827,2.37495691,1.41065837,-0.38292348
0.95426320,-0.42017987,-0.16062752,0.32398999,-0.70425263,2.11264383,2.31307144,0.24512738,0.15471817,-2.85023829
-0.62880297,-1.43182550,0.22249460,-0.22914222,-0.14977368,0.22112015,-0.78045763,-0.48048350,0.73822950,0.19572765
-0.29032892,-0.17525396,-0.83294382,-0.15143019,-0.08222750,3.66417635,1.31876357,-2.42784679,-0.87855871,0.98855438
-0.28559525,0.11465682,0.32898198,-2.03285477,-1.05333506,2.15803808,0.81099327,-1.92753172,-1.73848264,0.39630279
0.08389176,0.41134694,-0.86062114,-1.40429807,-1.62193762,-0.56562441,-1.60978768,1.52460057,-2.77411950,-0.59983445
-0.54141720,-0.99909322,-0.83902090,0.21802874,1.55852470,-0.21148962,0.02394618,-0.43505655,0.12300097,-2.01264894
-0.89652179,-2.26361319,-1.03539617,1.70569849,1.70861265,0.72880718,1.58359894,0.68994409,-0.34261280,1.36901213
1.95841775,-0.82715997,0.02364082,-0.47928887,-0.88998890,2.54749248,1.52103903,0.69864835,-1.11590258,-0.94728693
1.95921995,0.07546396,-1.20980404,-0.89761282,-0.46712954,-1.39260712,-1.15818354,0.16655275,-0.73361428,0.14663621
0.93437909,-0.79924260,-0.41147099,0.12262696,-1.37848908,1.55478350,1.90928510,0.94784575,0.59612384,0.34683046
-0.26462804,1.23894240,0.61428832,-0.31755747,2.42235710,2.19395373,-0.25340625,-0.95850765,-0.84733587,-0.58954087
-0.76178941,-0.64724173,0.40203586,-1.03256134,-1.22298601,-0.76489862,-1.03355271,0.31689015,-0.00226331,-0.01467761
-1.24613179,-1.89293103,0.46961842,-0.71509104,-0.58508731,0.26274755,-0.07696070,1.06193209,-1.32109816,-0.50964263
0.48030202,-1.10453923,-1.16315376,0.57725881,0.29265261,0.91839172,0.22175987,0.44061559,1.51939103,0.76919233
0.36767746,-1.97921680,-0.66974858,-0.85189250,0.38675114,0.20408941,0.28007933,-2.25346076,1.77285683,0.11550449
-0.07615843,-2.29314217,-0.65745769,0.65230348,-1.04397562,0.31505456,1.30972617,1.26608090,1.12761336,-0.83565351
1.30804008,-1.46902360,0.03417294,-1.69722461,-0.86818290,0.39933827,-0.13353715,-1.29835424,0.89347928,0.22281198
1.96544333,-0.31383811,-1.01664423,0.97047632,-1.70480524,-1.64070148,-0.70778568,0.47422750,-1.50588356,-0.86784032
-1.24361126,-0.82821434,-0.57002650,-0.66694213,2.14008081,-0.67596239,-0.23613826,1.07836563,0.60193721,1.48190632
0.44614747,-1.34990485,-1.80395633,2.61759227,-2.11088601,-0.56270605,-0.53795682,0.70435925,1.50303413,-0.49165595
1.07220105,-1.52330259,-1.21358124,2.18331702,-0.44899593,0.65520059,-0.95516677,-1.69969983,1.72276291,0.44497770
0.77248166,0.27872513,0.20114719,-0.64826400,-2.16606687,1.40874024,-0.46319773,2.00033361,-1.14131328,0.40914011
0.04521582,-1.33426618,0.56268662,-0.45086194,2.28045026,-0.42979576,-0.30049834,-3.98545189,1.15582051,2.16025964
2.77201210,-1.37220408,-0.60422328,0.71601169,-0.70464515,0.08476167,-0.00020112,-1.30222182,1.96497536,-0.41326872
-0.28420844,0.51769254,-0.80991999,-0.33921019,1.19166675,1.07782385,-0.03967194,-0.45823517,-2.69942066,-1.15819045
-0.45848720,0.09388278,-0.95923775,-0.65437236,-4.00999000,1.94907372,0.51816112,-1.71697852,-2.10207161,0.30462393
-0.04212059,-0.90036582,-1.31210809,1.16758577,-0.16046788,3.31309388,0.56664186,-1.31774081,1.24933779,1.11043593
0.60105305,-1.55128640,-0.22854535,2.23291250,1.65740768,-1.04676027,-1.19827723,2.23108825,0.89131120,0.82972200
1.32929616,0.68663429,2.14838881,1.88074278,-2.73752364,-1.08846968,-0.16855953,-0.85125819,-2.05068828,0.20239266
1.69406725,-0.09645523,-0.37979541,0.35235957,-2.07618177,1.97777244,1.17952258,-0.09004669,-0.79554877,0.81723677
-0.13234894,-0.35303647,-0.70093107,0.99392672,1.76404643,-0.38565178,-0.76815519,-0.13495963,-0.70641994,-1.98255135
-1.86395947,0.05987569,-0.40023524,0.14472276,0.87720257,2.97534538,0.56563163,-1.11933921,-0.48112067,2.02998304
0.10005495,0.56631914,-0.69763749,0.37140842,-0.62790588,-1.02193228,-1.34233208,0.67656654,-2.62660966,-0.72519768
-0.15422935,-2.35849208,-0.70693831,-0.02519489,-3.43585146,0.26176078,-0.90470344,0.54219427,1.14066926,-1.18185209
0.12717199,-0.12365947,0.10896700,1.28768364,-2.80857752,0.98465275,0.40287202,-0.41377283,0.05952503,-0.10851982
1.31585463,-0.80763644,1.30180733,0.92807181,-0.45775515,-0.44088134,0.91216207,-0.68018393,0.86251590,0.80693636
0.77659992,-0.11973453,-2.33554966,1.04545414,-0.94680677,-0.88029775,-1.38373916,-2.19613258,-1.59094854,-0.09521490
-0.64776693,-0.91123307,-1.71036996,2.66422095,-1.81214147,-0.27101759,-0.57108641,0.79644508,-1.80119634,-0.50744699
2.37244261,-2.66561528,-1.47204727,-0.21149391,-0.17197673,-0.94306404,-0.13241002,-0.70249164,1.12695340,0.34675522
-0.05837374,-2.56680180,-1.69663878,0.24204642,-0.91658845,0.57653502,0.69120727,0.30970215,1.77758367,2.09839241
2.46095376,-1.11046008,-0.68024651,-2.03594687,-1.88736525,1.34244915,0.39302153,0.40400864,-0.27767203,-0.86744330
0.46681454,-0.91312505,-1.63016642,1.05874115,-2.28425364,1.86570064,0.06593362,0.60105718,0.64093960,0.03256344
2.66559199,-0.51644344,-0.50275911,0.10393047,-1.23584138,-0.47305995,-1.07847047,0.94200460,0.96142666,0.68706798
0.21073612,-1.90366715,0.15269372,-0.47032232,-0.03697272,2.43850134,-0.03031826,0.18537293,-1.27142898,-1.42817812
-1.01931386,-2.89872003,-0.59483001,0.95472135,0.24276323,3.30834376,1.93706209,-1.45688589,0.69085405,-2.12735887
0.69491926,-0.34118387,-1.79241727,1.71348248,-1.69258749,0.19595537,-1.05108589,1.23884542,-1.11154671,0.28867867
0.55329418,-2.11393986,0.32966455,-0.47003404,1.65455989,0.84923374,0.39289030,-3.42774406,0.52088864,1.97836860
1.33568210,0.67508522,-1.48166595,0.63584675,-1.76231882,-0.90063080,-0.49980923,1.92155775,-0.28075422,0.05527812
-0.04758167,-1.78248123,-1.37875982,2.18544102,1.79350860,-0.67607806,-0.10499711,-1.14249945,0.85278732,0.73840598
0.22327039,-0.24927678,-0.60775665,-1.27116198,-0.42847024,2.11589339,-1.04103605,2.43656671,0.22779478,-0.04391912
0.07761330,0.10554614,-1.34458144,-1.25091273,0.05063161,1.51131444,1.70602985,0.91874083,-2.02540083,1.39892177
0.47864297,-0.74145633,-1.48972797,-0.82158517,-2.44101977,-1.81199478,-0.52945318,0.33385522,0.81773127,-0.07418187
-0.26052803,-0.49996262,1.19536916,0.25793811,-0.49884637,-1.06569515,-0.50364269,-0.48337952,-2.16741908,-2.73214300
-0.38709503,-0.40633758,0.98304712,1.20404033,-1.08964906,1.62672855,-0.57686431,-0.39345276,-1.90468373,0.90573542
-1.89834773,0.55914546,-0.75982534,-1.79971541,0.72007937,2.18167817,-0.01851113,-2.43447884,-1.81232303,-1.14732432
-1.01511342,-2.17780863,0.85636864,-1.53946502,-0.81555140,0.53581499,-1.26165683,-0.06037528,1.14868294,-0.65284748
-0.29575545,0.38479015,-0.02701754,-1.39736155,0.02608675,1.78665435,-0.37100821,-1.36859942,-2.52180917,-1.02958305
-0.00263655,-0.60736907,-0.15009279,-2.04466954,-0.46075199,0.90940540,0.40119877,-1.22279760,-0.31594770,0.07763045
-1.12390914,0.29094562,-0.62810714,-0.34000142,-0.32723530,0.30909447,0.40886025,-1.51518529,-2.34990089,-0.30998291
-0.91242757,-2.47346593,0.24559318,-1.35644079,-1.65659776,-0.03728246,-0.14406144,-0.55672573,1.54646152,-1.26211483
2.22424275,-1.16067745,0.57299322,0.31042277,0.07029676,-0.42979571,0.28933205,-0.44058215,2.43461699,0.31746509
0.33240857,0.73833481,-0.21313994,-1.71283832,-2.49999308,1.14548754,0.69074891,1.33739711,-0.13642868,1.04405977
-4.06608605,0.37580775,-0.86304825,-2.53265727,-2.64168606,5.06308056,1.45169409,-1.85017901,-2.03402651,0.22227048
1.32233884,-0.08985513,0.41560411,0.52559029,-3.76965459,2.31561283,0.10423687,-2.95188943,-0.96508627,-0.20065380
0.34014232,-0.75865621,-0.51089134,-0.31029381,-1.79065182,2.12266551,-0.72182394,0.24745108,-0.04284632,-0.19717884
0.58726586,1.94052433,-0.46793605,-0.13061518,-1.60446566,-1.70050167,-1.35066783,1.35085880,0.15939176,0.50613843
-0.04505665,-1.19465674,-0.30647604,1.51574515,2.14875474,0.12379178,-0.24728801,-1.10550422,0.70652089,1.63862713
1.03407314,-0.66794599,0.87292114,-0.56670669,-2.44070297,1.55461604,1.60992153,-2.23712858,-0.96536578,0.10926506
-0.19011008,-2.13231694,-1.70688563,1.60105259,2.40941581,-1.28831829,-1.36363814,-0.93213092,0.55425527,0.83173394
-0.05709776,-2.80005480,0.78479445,-0.36855325,-0.95524958,0.61301678,1.25041892,-1.47971510,-0.55604669,0.65856392
1.42989975,0.25127388,0.95612128,0.44150636,-0.28953712,3.43917090,2.45241044,-0.53336060,-2.25619894,-0.50965370
-0.72456398,-1.01803065,0.51564282,0.65749203,0.99990014,-0.64591895,-1.03863295,-3.75154570,1.78458765,1.17069739
-0.36694995,-0.23254212,-2.25986408,1.27244398,0.87745689,-0.35877215,0.43918474,-0.96030911,-1.67496345,1.19569417
0.76510337,-1.19933376,-0.69324102,-2.80635492,-0.58340415,-0.29799407,0.02655753,2.47081155,-0.21799521,0.01841244
2.38545110,0.63334778,-0.58403656,-1.53589709,-0.84561837,-1.23435045,-1.02815081,-0.28532019,-3.00714836,-1.52240973
-0.53577070,-1.58152060,0.50141441,0.39659154,2.65240261,0.04931340,1.51029518,0.72679787,1.11779240,1.53800779
1.35094266,-0.07465669,-2.51759631,1.27035564,-4.27804116,1.26775822,0.25743200,0.35440860,-0.88053944,0.56012490
0.05970567,-0.85665491,-0.41990565,-1.42517856,-0.53392127,0.11810727,-1.97373798,0.32269599,0.96769925,0.51434148
0.67206606,-1.09269375,-0.83173537,0.30536060,-2.56590007,-1.04525518,-1.64155481,-2.65921657,0.73062608,-0.45770649
-1.31723107,-0.13925175,-0.17194598,-0.97260291,0.57183888,-0.47377649,-0.81628352,-2.45121857,-1.64910111,1.29132130
-0.98063296,-0.58410933,-0.41594928,-1.85997852,-1.80822991,0.97210740,-0.22572275,0.01177003,-0.50981272,0.09617363
-0.28399192,0.04445100,-1.88603098,0.77159007,-0.89900609,3.33226435,0.39364136,-0.43852045,-1.48547660,0.56612698
2.03013114,0.29948673,-1.12953861,-0.40558270,0.24323772,1.47974373,0.14665157,-0.49981636,-1.75210016,2.21022197
-0.38214588,0.54588387,-1.25562532,0.86172257,-3.25884740,1.37440917,0.47160694,-0.11012292,-1.40433373,0.10754715
-0.33737419,-0.73889879,-1.62484965,1.30912221,1.94203722,0.67626302,-0.42293806,0.03475406,1.05390499,2.55567380
0.78668419,0.07093587,-1.17516219,-0.67579562,-2.79286244,0.85628124,0.77601660,-0.58120087,-2.64753974,-0.00127120
-2.11538989,-0.53316939,-1.39555505,0.20298871,-2.95331500,2.43026865,0.50015524,0.78449236,-1.83841056,0.18664148
0.19976308,-2.27374968,0.87599946,0.71372898,-1.24255455,0.33894194,-1.40806120,-0.14768391,1.46316619,-1.70363975
0.05319822,0.90430603,-0.83758985,-0.16000220,2.71886670,1.33463539,2.09060301,-0.45182523,-2.79258738,-2.07074532
-0.06632868,-2.66727871,-1.67729902,-0.60746455,1.25196726,0.08572447,-0.88573939,0.66668901,1.06393638,0.74918197
0.73043347,-1.43031488,0.04497678,0.66340325,-0.58707439,2.74530068,1.92138796,2.39240330,1.37938363,0.51559118
1.49308549,-1.37499627,-1.71982786,2.81632764,-0.61808170,-0.55282731,0.43607739,0.54194578,-1.11179568,-1.24219618
1.37934221,-1.20680984,0.68960132,-1.60159556,-1.21373365,2.25773218,-1.65047018,-0.13039058,-0.57475901,0.03162797
1.24861189,-1.52206338,-0.08397455,-0.54544186,-0.51330853,-0.20092137,-0.31250153,0.55556684,3.14425437,-0.96704504
0.11489676,-3.46082833,-1.75488707,-2.51317302,-1.29963727,0.28892011,-0.98971634,-0.91050316,2.25233706,0.64522442
0.98831680,0.56789322,-1.44367739,0.72277153,-2.04128921,-1.31757721,-0.25898297,-1.38947125,-1.87358698,-0.59991831
1.24685796,-2.79130527,-1.11642749,-0.86709496,-0.30863716,-0.34936976,-0.48635551,-1.11155653,0.63588562,0.42432553
-0.25281656,-3.35945621,-0.54813800,0.20777373,-1.34983250,-0.03644091,-0.09223439,0.73258000,-0.61186999,-0.54463406
0.11547057,0.72757354,1.54748038,-2.46759998,-0.04459760,0.26714710,-0.34477114,0.90226924,-1.66834250,0.99510728
1.21645652,-2.11668265,0.90622274,-2.38466571,0.14626951,0.23763159,-0.06933207,2.48735754,1.03469574,-0.71059326
0.75197867,-1.42955029,-0.62121398,0.36192987,1.64187448,1.89608170,2.12932532,0.40318942,1.51510585,0.90302478
1.42749620,-0.00585302,-1.87607669,0.31330304,-2.80114648,1.51530709,-0.01255759,-0.90780959,-1.29388887,0.26835629
-0.70862310,-0.50425179,-1.19173520,-0.44790525,-2.22658995,0.17773889,-0.64232519,1.49160133,-0.08907340,0.21450987
0.04996954,-1.12483994,0.00355007,-1.43971205,-1.23166046,0.75254694,-0.50618831,-3.25851212,1.58526670,-0.16786293
-0.76470709,-1.80727854,-0.40763227,0.25338205,-1.07458689,-0.37549698,0.14371099,1.20620236,1.58514566,-0.52810647
0.50646282,2.39792119,-0.65022148,-2.04076164,-1.20602118,2.61088258,1.69898722,0.00022362,1.34855245,0.22255229
1.90842706,-1.67166633,0.14044599,-1.57563325,2.22717195,0.96686849,-1.84382583,0.18724798,1.01890381,0.59435600
1.12947447,-3.35947252,-0.19540468,0.63787609,-1.37393352,0.46483187,-2.29575393,0.71425008,1.03441354,-1.24152218
0.73145200,1.08456108,-0.52371618,1.20177366,-0.00228250,1.13300580,-0.00484339,-1.35625062,-2.71643992,-1.60787498
1.36799428,-0.02392589,-0.37257485,-2.08730679,-1.33172528,2.51461391,0.35832398,-1.50163026,-1.32143230,1.38316894
-1.12934383,-2.26564062,0.63672906,0.12237718,-2.40167269,0.26272413,-1.04377851,0.07386502,-0.80402881,-1.15199503
-0.12546230,0.52278182,-2.09973655,-0.19004730,-1.79804054,1.86672844,2.35674213,1.34255946,-2.83711448,-0.16382198
-0.63028570,1.60259902,-1.17771426,-0.08345236,-0.52863616,1.27784679,1.37651150,0.17754548,-0.82709394,-0.53528566
-0.50608271,0.06029613,-0.47086209,-1.16891891,-0.80243683,0.84206308,-2.13783096,-2.02071832,0.06305068,1.31859927
1.59400474,0.61529877,-0.93500102,-0.00467640,-3.39035853,1.26906328,-1.83550597,1.33766354,-1.87153568,-0.44075490
0.95863581,-0.30310723,-0.55996581,-0.27339575,-1.61995524,1.11997293,0.88929486,3.06593577,-0.42498586,0.46252632
-0.97888803,0.91681427,-2.32370662,0.54245375,-0.00788218,2.91460494,1.91633779,1.58896577,-3.02853511,1.36257672
0.70179532,-1.21877433,0.60760499,-0.73011715,0.00535905,-2.09299997,-1.11528793,-1.30222169,0.47953960,-0.01597455
1.04572751,-2.22897255,-1.00082460,-0.82867753,0.43906091,0.19521046,-0.45039076,1.11912967,-0.95688302,-0.66718734
2.21797480,-3.53576672,-0.11045727,-2.34473053,-2.57261227,0.95379498,0.24868039,2.23233355,2.63310154,1.38527441
0.88100933,-0.65305106,-1.28147689,0.36652311,-1.56174655,3.93672405,1.72847522,-0.65330874,-1.04599272,0.46061584
1.43686836,-2.36450649,0.61468168,0.37560772,3.07285312,0.15353771,-1.23508468,-1.93331375,1.18498066,0.91933557
-0.69730529,-0.21744714,-0.28403038,-0.87964879,-2.51181992,2.22296719,0.14783123,-3.29233751,-0.61348776,-1.38830106
0.33769533,1.23951843,-0.76270549,-0.60056610,-1.66518096,1.00201304,0.35652633,-1.58348020,-1.01242920,0.79722508
-1.09432163,-0.69431639,0.00261679,-0.63466756,-1.34679261,0.77070047,1.87932142,-1.05057934,-1.70896860,-1.05516746
-0.36808230,0.45925193,-0.42195460,-1.11923295,-1.08133286,1.36523320,1.22869820,0.53473407,-0.33868076,-1.19967737
-1.85817242,-1.42669667,-1.10746239,2.42874077,3.98067554,-1.45163879,-0.59563827,-0.50935624,-0.53970240,1.65605400
0.28387614,-0.53145824,-0.32162504,0.61731478,-1.35302057,-0.45208808,0.20533179,1.00718991,-2.18645353,-0.81366348
1.30136494,-1.48453191,-1.46213686,2.27672953,-1.58885672,0.63183286,-1.76629713,-1.51625227,0.26391133,-1.23401930
0.33374842,-1.98122392,-3.34985265,-0.88751861,-0.49031339,2.99263704,1.07334486,-2.33571629,-0.98393752,0.73875622
1.00045334,-1.60464314,-2.07576464,1.38881837,-0.20534500,-1.71691609,-0.78761538,0.17114974,-1.36425951,-0.34745882
2.45040649,-0.10721966,-1.67458394,1.22490319,0.18750409,-1.53446426,-0.49803596,2.42940950,-1.34602827,-1.20310357
-0.10118511,-1.47801707,-0.21205919,-1.45522735,-0.22781641,0.98017928,0.40119316,0.22371351,-0.21709072,-1.23351132
-1.56217440,-2.19610241,-2.89544958,-0.61531038,1.69622883,-0.26792691,-1.71828802,-2.22009731,-0.06589607,0.29245389
1.06131855,0.75062075,-1.66375282,0.15503988,-2.10890912,1.57589734,0.09955661,0.64194915,-2.15000057,0.86043787
-2.44321971,-3.20536578,-1.56972605,0.59940457,0.71007169,2.60416597,1.31844919,-2.23594283,0.42489493,1.96765874
0.86608302,-3.21476436,-0.61641769,-0.41056758,-0.45797852,0.30440165,-0.53641461,1.60319712,-0.34992632,-0.03210075
0.66006850,-2.41533896,0.42305554,0.23697335,-1.18838851,-0.36948759,-0.64640139,-1.04607587,-0.56906053,-1.76135333
0.79822267,0.60524852,0.44950830,1.55922749,-2.23425270,2.38822848,0.54792465,1.53426521,-2.38239918,-0.21410985
0.94233381,-0.45698473,-0.10790891,-2.04744042,-0.79146402,-0.70533218,-0.78550488,1.50746717,-2.10960657,0.13288430
0.07998591,-1.88050738,-1.43946688,0.97966872,1.36073293,1.47294638,0.70962335,0.12079524,-1.93698855,0.57994644
1.30803171,-0.02795811,-0.53359668,0.75043496,1.15626335,1.77418047,1.45376881,1.44950832,-1.03783026,-1.86948759
-1.47904210,-0.41135942,-2.37627069,1.04574614,-1.29419159,0.97982374,0.45848001,-1.74609409,-1.33735460,0.94889801
4.06173289,0.02225161,-0.32576855,0.38024473,-1.39936916,1.26556405,-0.86455741,1.89999188,-1.47308385,0.38267431
1.34872941,-1.40832525,0.57268972,-1.09010445,-0.79056335,0.30095168,-1.15183196,-0.39380882,0.46706419,-1.14754071
-0.15066574,-0.59158424,1.32065137,1.87602457,-2.50299743,0.78531189,-1.13823352,1.10926304,0.98130354,-0.25357412
2.31249686,-0.39168857,-1.65800017,0.61299299,-0.98400768,-0.56980565,-0.03892509,1.85079015,-1.44120030,-0.78293752
1.52057633,1.07106714,-1.46413392,0.25035737,-2.09589643,1.63637142,1.18111468,-1.77443149,-1.21261051,0.61386415
0.07523561,-1.70115301,-1.61900091,0.38173907,0.14527680,-0.50681380,0.10524160,0.15161761,0.15534426,-0.01913180
0.73582211,0.58540858,-1.37360371,-0.30031302,0.19980017,1.73729042,-0.21929451,-1.78608045,-1.13694005,-1.07934487
-1.25092441,1.50316377,-0.82028936,0.69856145,-1.49063467,1.56899546,-0.02503030,-0.90266856,-0.28814989,0.65464774
-1.02045996,0.28515026,-1.86907273,0.88288684,-2.44262542,0.04191645,-0.06066515,1.58330867,-1.23633457,-0.30612193
0.93014180,1.83785775,-0.91117768,0.83307563,-1.34341366,1.86593499,1.48418193,-1.10315401,-0.35795757,-0.81552728
0.89396235,-0.72649103,0.42054189,-3.37063710,0.76175824,-1.35252717,0.67594769,3.35875125,0.49714795,1.24968693
1.71386252,-1.10612993,-0.39585529,-0.46174627,2.07780927,0.82719435,-0.87709725,0.24429089,0.97549273,0.81805917
-1.03960097,-1.55911842,-1.16789074,2.97988564,2.12921100,0.82934726,-1.50092925,1.54817164,-0.20580811,0.44324518
0.94541616,-0.42224123,1.05764664,-0.20706013,-2.03094985,-0.46473714,0.51754885,0.36716914,0.11609978,0.48631152
1.27493836,-0.17202329,-0.60046090,-1.48983235,-3.84007649,1.18465150,0.48033931,2.07604523,-1.64604956,-0.28915215
0.85514114,-1.68345109,-0.46223322,0.60257861,0.98814785,1.31917859,1.17756232,-1.66959225,1.12946928,0.10416831
0.24154167,-2.85458315,-2.10185370,-0.58624523,0.26289348,0.36919321,-0.98779793,-1.29880250,0.08798325,-0.51107822
0.04660548,-2.29252731,0.45860195,-1.19280247,-0.32076537,0.80970317,0.38759547,-1.53722923,-0.17014097,-1.48448347
1.24764414,-0.20654789,-0.42356055,-0.87033872,-3.49637812,1.06652072,0.16906488,-0.00776449,-3.08016249,-0.35324165
1.33598964,-1.54888083,-1.97969857,1.18416944,-0.16355238,0.72798870,-1.30479743,-0.41630905,0.88260133,-0.02752059
0.00524185,-1.99725850,-0.19766782,-0.71129736,1.10341918,0.69984407,0.08506147,0.30199691,2.07461156,1.22769186
0.77356076,-1.83105260,-1.28947984,2.56700265,0.54843661,1.47092447,0.03021422,0.01372177,0.47587679,0.42084872
-0.24449278,-1.05768291,0.47846791,-0.07197244,-0.84098363,0.57221744,-3.07931856,-0.12392879,0.08276297,-0.92419880
1.18074122,0.83012019,0.70751681,-1.07163506,-0.35622292,1.87096976,1.05061700,-0.75752454,-2.52599548,0.74293377
0.82971833,1.00258183,-1.45649154,-1.86827567,-1.35192648,1.91993202,0.37929737,-2.13992600,-0.84338564,-0.36930395
-0.90762205,-2.95746057,-1.82533841,-1.03204791,0.69323423,0.97877581,0.90165768,2.68374760,-0.32683183,-0.95605823
-0.76562975,-1.29450855,-2.31840488,3.05244550,0.93413651,2.36788572,1.02870837,-1.66583203,0.13765043,0.71398194
0.13490484,1.28132481,-1.00644481,-2.39270704,-1.59383953,2.90959398,1.02539403,-3.68661412,-1.64409178,-0.39956857
2.90586964,-1.78723161,-0.34949043,1.36528162,-0.06049534,-0.52811817,-0.32956629,0.77247070,0.58914202,0.55501287
0.46494045,1.11950639,-0.29313030,-0.97397722,-2.09150091,-0.64593059,-0.50214037,-1.18853573,-1.19559496,1.68124010
1.28533230,-1.41660713,-1.62821489,1.90242407,-2.36346441,-1.46589830,-0.92494337,-1.43015434,0.33996728,-0.80697821
0.35816950,0.29374272,1.12849275,0.25071152,-1.96508118,-0.57624819,0.73752995,2.45334685,-1.22421234,0.82327100
2.34668887,-2.41900978,0.57860617,-0.20095941,-1.17989545,2.62801885,0.63911662,-0.52022970,0.10880789,-0.88546135
0.46855926,1.19862995,0.38906963,-0.96363434,-1.35930350,2.06507902,0.46122593,-2.10632551,-0.30606273,0.36173298
-0.36482861,1.39394309,-1.13212837,1.02990245,0.79367305,1.78618435,-0.70487606,0.68160177,-2.24478802,0.74482639
1.45071289,0.31364430,-2.02594242,1.92760155,-0.42432455,1.86163785,0.51796996,-1.23001245,-0.85060878,1.08342433
0.47031888,-0.67437941,-0.59727983,-0.66619357,-1.71310890,0.70081913,0.59372522,0.48474372,-0.28838438,0.35251394
1.33626009,-0.54972829,0.37623446,-1.49740742,-0.78329359,1.78727429,0.81192849,1.80794332,-0.95221703,0.57126364
-0.95654612,-0.90260916,-1.51884728,1.99209275,-0.51545996,1.72772057,0.90425223,-0.30543606,-0.72169799,-0.50082343
0.28943626,0.00245487,-0.33669418,-0.99703654,-1.05445927,1.51073936,1.43804528,1.90302870,-1.77453865,0.16952199
0.12706027,-0.68960402,-0.89504646,-1.75913897,0.15247695,0.48266029,-1.09099950,1.43762904,2.68334995,0.84932223
-0.45434957,-2.00887846,-1.68223004,1.34410405,-0.35690185,-1.85421060,-0.63090384,0.81322636,0.10660546,-0.52986668
0.27840053,-0.30843682,0.50535549,0.60654149,-0.73426264,2.05630674,0.07016374,0.97860612,-0.79625399,-0.72461933
0.33905038,0.31949699,0.32564794,-1.09279854,-3.10115644,1.93574479,0.36090490,1.60829455,-2.13744258,-0.13712229
1.01130322,0.31267751,2.06463218,0.73059696,-3.64356550,-0.72824351,-0.28117035,-0.86616202,-1.31384197,0.16675166
-0.49398131,-1.07483268,-2.74436933,3.34573813,-2.75032996,0.98921481,1.33113817,0.56321578,0.36983726,-1.20890566
-0.64374182,1.05221712,0.01036201,-0.31854103,-1.06126526,1.57221056,1.00984974,-2.18702886,-2.65506752,0.08901421
0.27879346,-1.47661014,-2.47999439,2.15324295,0.75756645,-0.47967311,-0.58150867,0.58243668,2.09605954,0.93212295
2.12776706,-2.01044777,-1.75608010,-0.13750467,0.21646379,0.27310485,-0.11254367,-2.80743259,0.32479384,-2.12186013
-0.63771622,-0.16229035,-0.62745111,-0.65600612,0.20311528,2.19096058,1.02273742,-1.52007647,-1.30162945,-0.98936895
0.59257963,0.78519173,1.23280633,2.30260427,2.18330433,1.97455140,-0.13312034,1.07171435,-2.96108075,-1.74124541
-2.16531562,-1.61759826,-1.82496978,2.45718166,0.82464389,1.98348737,-0.21079639,-1.97935859,1.93403419,0.22916437
-0.79623903,-0.23380406,0.61281778,0.37679389,-1.29365702,-0.15822148,-0.46463165,-2.45557712,-0.72588115,-0.13532258
1.97151017,-3.31816535,0.08316998,-0.53373500,-0.43495625,-0.62234036,-1.28773554,0.90775793,0.46186544,0.42320534
-0.05580848,0.06932615,0.07541782,-0.11152683,-2.36637417,4.16749027,1.77469227,-1.18590339,-1.26179597,0.27447618
-1.13300066,1.04579823,-0.92088352,0.67989751,-2.12536163,2.48912774,0.71380858,0.59621769,-1.99610364,0.84374858
-0.90930543,-0.94801637,0.38192197,-1.30305095,-0.50499720,1.01830469,0.46459819,-1.51708728,0.72313905,0.67426638
1.75065624,-0.30307954,0.24838710,-2.34321649,-1.94679653,2.49631956,1.08080685,0.93071562,-1.26662042,0.17994223
-1.51364841,-0.73967620,-0.15539640,-1.64557236,-2.85825020,1.66484384,0.38825389,0.56559471,-0.15914102,-0.08111906
0.76440955,0.76085262,-0.33461366,0.17813416,-3.39960267,-1.60891759,-0.85723768,-1.35056709,-0.32950065,0.52966437
-0.72754654,0.05637923,-1.31959330,1.13969502,-0.76568893,0.70374554,-0.08749502,-1.75287706,-1.85958354,0.32893881
0.11444532,-0.51916651,-0.95597507,-1.09699128,-0.78701234,2.29131070,0.29677493,1.50052842,0.39160118,0.91398949
1.12410340,-1.41537392,-1.30432725,0.20249785,-0.90169714,1.11040673,0.12730487,-0.51119949,1.29195398,0.15123390
-0.97499690,-1.41995530,-1.48042890,1.17261694,1.42149387,0.00673094,-0.25823961,-0.63939339,-1.29588288,0.93166851
-0.32740571,0.25006248,-1.41964507,2.41321762,0.84081623,2.09064880,0.39900700,1.03902214,-2.31702391,-1.52914705
-1.08583420,-2.52780841,-0.49572930,-2.20618975,-1.02694917,1.34823044,-0.41760068,-1.78659449,-2.02821232,-0.55081294
-0.94684390,-1.72878588,-1.28545073,4.31581921,-1.81481759,0.90387703,0.76888096,0.01061107,0.64649312,-1.07559538
0.51698320,0.17808700,1.23835011,0.95392763,-0.81817063,0.30514024,-1.87237775,1.87551271,-1.78583898,-0.26855414
2.86036753,0.11083000,-0.70647616,0.04858226,-2.18738742,1.88522893,0.45369254,-0.53567115,-0.80478342,0.09680630
-0.65069340,-2.16651695,-0.65243086,-1.36581322,0.72613938,0.32404779,-0.31135765,-1.18922295,2.36490192,0.20350611
0.31739342,-0.84949664,-0.14753100,-0.87290612,-0.49475921,1.93772875,0.97690062,-0.50001859,-0.58721975,-1.00647413
-0.13145593,-0.24694661,-0.95174238,-2.02133005,0.80171464,-0.37696759,-1.80407296,2.99255832,-1.39733206,1.21330408
0.56935299,-1.17711624,1.22592396,0.21090247,-1.21350020,1.71122178,1.03982638,-0.28253224,-0.50216262,0.04986107
-0.34006651,-0.53647016,-0.70091502,0.69022312,-2.40526511,1.24579031,-0.23300869,-2.25528288,-0.48086999,0.09757617
0.80064245,1.01423332,0.00765896,0.26483868,1.45117879,1.89122219,0.18427605,-0.09453982,-1.81192994,-1.67320168
-0.86033656,0.79182236,1.53433792,-1.04520275,-1.24006184,0.77802212,2.06179257,-1.88052925,-1.82349881,0.77464871
-1.92985258,0.92323376,-2.65102681,0.70180691,0.25221330,2.54195807,-0.08639314,-1.34727905,-3.25883362,0.18724453
-1.82423321,0.11860613,-2.42526995,0.61417093,0.39251241,2.05483422,1.08939641,-1.08836804,-0.51379960,-0.26798667
1.73255611,-1.01196432,0.28763143,0.10111439,-1.70088584,-0.27780254,-0.88975883,-1.52512355,0.01507619,-1.02335190
1.30549923,-2.36494194,-1.78283597,-0.01224030,0.01087718,-0.06988933,0.08577487,-0.60884405,-1.00226302,0.54349395
-0.26909548,-3.05764953,-0.15675381,1.42373249,-2.25701460,-0.34738766,-1.06102689,0.54961809,1.57608358,0.78734725
1.67750123,-1.72460970,-1.14550138,1.08595985,0.52000613,0.99885421,-0.17187153,0.14285356,0.73073689,-0.73294548
-0.62401313,-0.55383583,-1.44847500,-0.14210541,1.13138056,2.89464650,0.91190794,-2.23152091,-0.40937548,1.50303069
0.78139793,0.08666145,-1.12201483,1.37808076,-1.21662056,1.25494644,0.24915406,-0.87706391,-1.18661237,-0.34666392
0.44970584,1.23983677,-0.36363854,-1.62274248,0.17309677,1.60845608,0.10877940,0.82839434,-0.45797180,-1.03974372
-0.15750707,0.33403647,1.29954646,-1.19141850,-1.11883703,-1.63218263,-1.13370303,-0.30562863,-2.07300269,0.80421566
0.70969475,-0.75317965,-0.00981733,-0.04785356,-0.86993991,2.58676232,0.42865116,-0.16221591,0.19988225,-1.30245423
-1.59194861,-1.82919027,-2.58303106,1.10885602,0.91306228,2.93689079,1.55408856,-1.01636730,1.03538956,1.12373040
0.01567431,-0.17212039,-0.11598924,0.35284791,-3.66826410,2.22913124,0.64230497,-1.49670757,0.06395744,0.03606901
1.22777339,0.63899507,0.02417403,-0.04512586,-1.22023554,1.57405665,0.88073169,0.12465673,-1.87222447,1.17506397
0.87180882,-0.70251548,0.09457151,-1.09279186,-4.37368488,0.85228596,-0.40142154,0.67860036,-0.12531741,0.68611466
1.28925746,-1.14526503,-0.56615137,0.65075519,-0.78312335,-0.22685367,-0.39173552,-2.44115891,0.36296549,-0.36065278
0.52215846,-0.31835493,-0.77098462,-0.91860328,-0.10141550,0.85182428,1.08107352,1.80281257,-0.67895627,-0.68162202
0.12093212,-2.23481393,0.93419146,0.45549553,0.23026245,1.80745314,0.64509853,-1.08831267,0.40875488,-1.39237699
-0.89717309,-1.20556514,-1.99202909,2.57059990,0.45774857,0.46964818,-2.33106808,-0.69201294,1.49782492,1.23069969
-0.70137118,-0.99014569,-1.47954591,0.57407162,-2.35799604,-0.90269828,-0.93143380,-1.22999034,-0.99931106,-0.03367567
-1.76679088,-0.78911937,-0.68147768,-0.94282821,-0.08500756,2.65465142,0.92315494,-1.42740743,0.76969478,0.27559671
0.14267820,0.35449770,-1.18806651,0.34638470,-0.91563498,-2.00820523,-1.34173353,0.66093691,-2.04668754,-0.66428907
-0.10932990,-2.07129377,-1.63981324,-0.74196509,0.37933424,-2.44974403,-1.82733066,-0.60738922,1.97555547,-1.54903402
-1.46584588,0.93947370,0.79105878,-0.72344190,0.38033481,2.56800521,2.09679373,-2.40170555,-1.07072347,-0.06429482
-1.90978413,0.13243323,-1.49442238,0.75922038,-0.03699707,2.40163806,0.61686399,-1.04530694,-2.55204625,1.12003339
1.76990670,-1.77260587,-1.20560028,2.95016548,3.53449227,-2.40168013,-2.36666264,-1.52136120,0.36814062,1.36319206
-0.54770392,-0.10528881,-0.58020767,1.43039141,-1.26945969,3.90427533,0.97077770,0.08751657,-1.88637055,-0.16647548
0.91328006,-1.00290391,-0.17514272,0.58789990,1.27576776,1.67014657,-0.39186923,-0.95444814,-0.78309923,1.18111430
0.90099943,0.63130872,1.00501831,-1.92256570,-1.83696798,1.52012038,-0.05793705,1.78505335,-2.20067530,0.92982129
-0.68864178,1.18491537,0.38802034,2.61259055,0.14397355,1.75648579,1.91097445,-0.88476801,0.15315926,-1.30324903
-0.74061498,-2.12378401,-0.93801599,0.07289703,1.03917457,-0.21716290,0.00127879,0.60148282,1.44769106,1.05339648
-0.59520368,-1.25691731,-0.27710148,0.69699670,-0.75814013,0.91025055,-0.20231815,-0.47355718,-0.94621401,-1.64104334
-0.51015042,-1.49725559,-1.11120291,-0.42386562,0.83751710,1.36713929,-0.30739193,2.27840624,1.25100538,-0.33972661
-0.58889072,-0.57448038,0.01215953,-0.09863039,-0.02304296,1.47931806,-0.27449515,-1.08851405,-0.85192175,-1.69874896
2.22036589,-2.82884797,-2.17103874,-0.80494587,1.13068953,-0.29393860,-0.64142432,-0.35104182,0.84616621,-0.02939354
2.39048094,0.86371023,-2.27807184,1.16704705,-1.37227224,2.06877986,-0.32402922,-0.64188196,-1.63512529,0.54503919
0.78704078,-2.48146882,-1.41589317,0.15908581,0.40852131,-0.35761429,-1.62542168,0.19375005,-0.36788755,0.83515604
1.41423727,-1.63272377,1.73445818,-0.15958116,2.33627600,-0.74745260,-0.93527193,0.01060072,0.52302273,1.00909472
0.24647336,-0.67238221,-1.63552274,-0.36900210,1.05779847,0.69836160,-0.19522039,1.53726494,-1.18275350,-2.35332330
-1.47867647,-2.32362307,-1.48130911,0.18811281,1.02114679,-0.50761308,-1.13555132,0.55991738,0.28608566,1.39102461
0.87958158,0.08011898,-0.10206690,0.27630698,-2.11017857,-0.35549281,-0.88416095,-0.51337497,-1.80349749,1.38609533
1.40411236,-2.18153377,-1.83102566,1.32724285,-1.68921496,-0.43493367,0.55046166,0.77436890,1.27240647,-1.62999470
-0.42154329,-1.36921322,1.09914912,0.31355084,-0.78489325,0.45720594,0.08536832,-0.99780064,1.13555990,-1.89143524
-0.54936571,1.65128092,-1.34212892,0.85785402,0.89401795,1.53022235,-0.69592530,-2.39319433,-0.80994236,-1.32975446
-1.28661272,-0.32376647,-0.87372051,-0.00880769,-1.67556723,2.34121935,0.37913752,0.52549093,-1.14299191,0.36657209
1.21017995,-0.64164995,-0.96403930,0.65280827,-0.95888632,-0.35817229,0.00977756,1.17086747,-0.68265461,0.41792294
0.77316372,-1.63084635,1.15457487,-0.85424891,-0.04846288,0.00324351,0.11352474,-1.64857109,1.97637786,-2.91022757
-1.03491693,-1.42127046,-0.17078380,-1.55258169,-0.57484413,0.30462622,-1.07803798,1.41420080,0.03997772,-0.58497266
-0.84151707,0.41174438,-1.31912408,0.21763965,1.07760348,1.99258400,1.30226207,-0.93114182,-2.10233482,1.96739488
-1.51604292,-0.16183272,-0.16196262,-1.25664427,-1.22797674,-0.01013439,-0.47833312,-0.52755910,-1.65036423,-0.27567881
0.56641379,0.25254166,0.92028276,-0.35160654,0.67625340,-0.81692484,-2.05398565,0.16015759,-1.15620054,-2.56523381
-0.07474280,-1.07982793,-0.33446969,1.77573765,2.02887834,1.86071995,0.12219780,-0.37981069,0.36751436,1.27683882
1.50247947,-0.61345831,-2.00425330,4.07658628,0.29881240,-2.09719320,-0.58630271,-0.59797311,-0.67216888,-0.60835229
1.31365224,0.10009537,-0.42089796,-1.51492522,-0.06471596,2.94208847,1.03609421,0.37527199,-1.99987791,-1.33548270
0.53731955,1.21765812,-1.98298488,0.87472428,0.03320005,1.56128189,1.08292165,-0.64036062,-0.11944352,-0.76992449
0.47243132,-0.39265612,-0.15694456,-0.70820201,-0.57149271,1.89490292,1.14530715,-0.17129821,-2.27470558,-0.93190732
2.00065400,0.00195247,-1.67020707,1.50021539,-1.21099572,1.99707089,0.92199751,-1.43574812,-0.78507193,-0.41576483
0.40125937,-0.17470766,-0.54124719,-2.02687898,0.80560595,-0.26706429,-0.67958105,-3.96921934,-1.55845840,3.17028937
-0.47198476,-0.06301266,-1.00015630,0.53219019,-1.81831392,-1.91917638,-0.90453620,0.57138024,-1.52634885,-0.02839254
0.49397208,-0.27636545,0.19009318,-1.59394865,-3.09312473,0.49282753,-0.09439281,0.39250629,-1.23864733,-0.04125528
1.23322852,-2.30468319,-0.12542522,-1.17581411,-1.04956022,0.66345118,-0.04202593,-1.00353791,0.19662958,0.02426974
1.02340826,-2.94298863,-0.39629488,-1.05310091,0.89768208,0.15468766,-0.20099219,-0.40988830,-0.19612094,0.85687619
0.16548411,-0.94028254,-1.61798100,-1.30648828,0.86647694,1.09162978,0.88331882,0.60412208,2.10847143,0.37785160
-0.62031171,-1.20161129,0.04339539,1.09496297,1.47174719,0.16979021,0.78331934,0.22996888,1.36549964,1.57089550
-1.38673410,-1.13921727,0.47308917,-0.81713647,-0.42475372,1.03841402,-0.15402915,0.55858652,-0.00524602,0.26107032
0.16827500,0.68607760,-0.17976909,-1.09843360,0.26580613,-1.29103323,-1.91665340,-0.06319554,-2.66663789,-1.83259685
-0.66344622,-1.57766040,-1.30991526,0.23600882,-0.34549355,0.65112474,1.87375109,-1.60356553,1.33844454,0.04599154
-0.37599700,-3.34825927,-0.39169017,-1.99398847,-2.20169659,-0.63406785,-2.07485273,-0.11467318,1.10369460,-0.33977605
-1.40490378,1.55325200,0.69867591,-1.14912483,-0.76865999,-1.63936446,-0.74296858,-0.47014037,-0.54647356,0.53763142
0.60964042,-1.14675439,-0.25246038,-1.11746907,-2.76144039,0.81061260,-1.29467936,1.21543623,2.20072496,-0.50358434
1.68255287,-0.69487436,-2.88605512,3.33419758,-1.22499939,1.37778406,0.14467362,0.16734556,-0.12575163,-0.04882079
2.11861913,-0.97618824,-1.02132377,-0.05439221,-0.74341130,-0.89891514,-1.09019748,-1.36672718,1.02376614,0.44439478
0.44703535,-1.14142927,-0.80415426,0.22959217,0.14182899,1.13272253,0.08473608,1.58277162,-0.25800362,-1.08357470
-0.09381740,-0.48147747,0.50758410,1.47238738,-1.22220294,1.73788547,1.59762256,-0.07221689,-0.18393501,-0.60949043
2.64266832,-1.49489205,0.85367232,0.05731234,-0.45399915,-0.51495543,-1.55896338,1.57080554,2.65654684,-1.61827775
1.02546276,0.68249410,-1.06553285,0.66995895,-0.32761481,1.28962319,-0.37840772,-1.04822653,0.87905086,1.21267969
0.26917192,-0.89071989,-0.24304262,-1.16168502,-1.31662167,0.55047691,0.33299673,-1.43852193,-0.01070222,-0.01508245
0.22620727,-2.62360230,-0.96661261,-1.85851451,0.39980459,-0.15859950,-0.75037273,0.75849767,0.11848442,-0.13380267
1.60359760,-2.76188380,-0.69867629,-0.53701211,-0.20929625,-0.46892812,-0.71025445,0.23090797,0.49005252,-0.09886583
0.03870281,-0.94021686,-0.10066430,-1.71738584,-0.52457094,0.18314931,0.25109445,-2.28771000,-0.05524038,0.22271910
0.64525666,1.17834847,-2.55807331,3.18063575,0.32927352,1.56517886,1.21752635,0.35679427,-0.91345083,-1.96184737
0.54106371,-1.92759907,-0.15563783,-0.79481485,1.30596613,0.41317886,-0.81866340,-1.56224888,1.68756347,0.00683611
-0.62575748,-0.79114856,-0.15570728,1.26611484,-0.47450765,0.91546529,-1.21952671,0.62930995,2.06601883,-1.69010900
3.77526957,0.47767211,-1.15028790,-0.15989951,-0.81782879,2.12823743,1.12933952,-0.60020632,-4.00160567,-0.69783839
1.84800528,-0.88039014,1.09860644,-1.63152612,-0.44173340,-0.96298315,-1.08209783,-0.76337186,-0.20343819,-0.68746435
4.11103661,-2.84154751,-1.03959202,-0.67512910,-0.32374668,-0.82144389,-0.48996448,-0.43447700,1.13532232,0.18366592
0.76850401,-0.91251871,0.74253423,0.02671734,0.44215487,0.74708945,0.01146151,-2.11233496,-0.21750336,-0.52854257
0.85613351,-2.20487240,-1.25994196,-2.09958517,-1.98365079,-0.62907879,-0.75638135,2.60797736,-0.40746323,-0.95770929
0.70902026,-0.37998554,0.41645948,-1.45634238,-1.29614630,1.07064589,-0.27403072,1.84031553,-0.88505354,-0.82736222
0.51022253,-1.21241173,-0.04834571,0.13411013,0.92752292,-0.67975584,-2.76184681,2.57408708,0.44084071,0.90284110
2.38748615,-0.18824870,-1.19688714,1.11222316,-2.12531052,-0.34992017,0.55872221,2.65833321,-0.95263180,0.20652931
-0.37587347,-0.56965101,-0.25218627,-2.48716246,-2.79452576,-0.57848651,-0.67727821,0.50422524,-1.61853902,0.01612938
1.30128605,0.21734722,0.52517535,-2.22025470,-1.19674640,-0.80096850,-1.41470375,-2.10047694,0.24102157,2.29681517
1.81897515,-0.26435258,0.21348940,0.67216215,-1.76966602,0.82659560,-0.66551327,0.85903576,-1.45347025,-0.50416300
1.73762166,0.42027543,-1.54546576,0.67602416,-1.68060556,2.03202359,0.77861881,-2.32720903,-0.92459481,3.86052703
0.52887598,0.41805565,0.18382883,-2.17064129,-0.32347827,1.64670179,0.77039074,0.50664271,-2.98958851,1.24725666
-0.56716208,-1.61562437,-1.63361768,1.43010692,0.35583524,0.72492193,0.64167535,-0.21376012,0.05464520,-0.49018132
0.47813791,-3.89816641,1.12430266,-3.08315511,-0.48247478,-2.04104971,-2.88243537,-0.29409115,2.13985208,0.34359948
0.43380744,0.70423432,-0.17785262,-2.19028034,-1.52708279,0.39893669,-0.06619993,0.30465140,-2.34844556,1.11510210
0.19876686,1.31229196,0.76535716,1.94608314,-0.61660636,2.09725306,-0.24849250,-1.84621037,-1.98309798,-1.58743756
-0.05088434,-1.31850931,-1.45595758,3.07044337,1.08855193,-0.40248417,-0.77933514,-0.64759684,1.41417466,0.76165047
1.35006755,-1.32832845,-2.25569223,3.75110037,0.61370987,-0.46804305,-0.71202149,-0.65820338,2.40416625,-0.40786691
-0.76451874,-1.04073901,-3.15689594,2.71129198,1.08840284,0.99853943,0.22973353,0.31204912,1.98026349,1.16458844
0.23140180,-0.54450252,-1.65759275,1.55992070,-2.08904593,2.69777106,0.03544276,1.64656551,-0.05894161,-0.12405697
0.21573951,0.56347180,-0.47501972,1.18240010,-0.21634440,2.35800622,0.34794468,-0.31747179,1.09196783,-1.31081610
-0.24125875,-1.20303329,-0.70658771,-0.78139459,-0.38734370,0.68247326,-0.36868028,0.14907897,0.53199731,0.35904328
-0.58724966,1.27889349,0.33080834,0.42868155,0.19825367,2.10633681,1.51230126,-2.48220722,-0.91262457,1.00381396
-0.68705198,-1.32779543,-0.20482202,-2.24121286,0.72524482,1.00420132,1.03912093,-0.46123301,1.25608585,0.14960960
1.70921483,-1.09569594,-0.99909752,0.98259773,0.41412539,-0.75956345,-0.50454974,0.07887153,0.39178324,-2.09689179
1.04061779,-1.09620412,0.82433990,-0.83724818,-1.00980870,2.84478035,0.83201816,0.41219520,0.15597185,0.45277590
0.50222070,-1.08751260,-0.73887179,0.45979058,1.22000322,0.82313666,-0.19022027,-0.51270659,-0.22238598,1.90249400
0.92131112,-1.89177536,0.50657795,-0.28929209,2.19986931,3.27550414,1.00013173,0.20084927,1.40650703,0.60905866
-0.58128023,-0.55434772,-0.01673032,-0.96509461,-2.63506149,1.10879425,0.18312143,-0.66232284,1.01238849,-0.17355937
1.14181874,-0.97101882,-1.08242107,1.46909270,-1.27404995,2.49381603,2.15480331,-1.72029728,0.01005568,-1.17155072
1.12319433,-1.11307178,-0.70392542,0.74877192,0.18952747,-0.20453478,0.34877755,1.79431974,-1.24172156,0.49129532
0.50022364,-0.59263661,-1.48650678,0.59503852,1.33988707,0.54085137,-0.52898343,-2.42870876,0.21117104,0.82683642
0.12768624,-0.27974756,1.40730788,0.57596237,-0.71161996,2.55319540,0.92037668,0.13305750,-0.27050447,-1.05795826
0.81558539,-0.98039597,0.89023169,-0.48075513,1.98596938,0.54465349,-0.37590443,-2.21616415,0.31156418,1.32900712
-0.12074260,1.29674009,-0.34580262,-1.53030529,-0.05756046,2.11928231,0.42360621,-0.88066525,-0.20902652,2.19627743
1.65643878,0.58154833,-0.45556758,-1.34876419,-0.52361673,2.27407439,2.61665230,-1.71450535,-2.93145959,-0.33129418
0.68814298,-1.37893485,0.64888457,0.63785827,-0.31462823,-0.04053999,-0.54185228,-0.35531660,3.23762145,0.31146245
-1.01490855,-0.07533605,-1.16756592,-1.27638165,-2.75833855,1.21431380,1.95966274,1.06270994,-0.17477409,0.62893402
0.54104555,-1.13821485,-1.30595464,1.47265065,1.81335796,-0.39998776,-0.39862603,1.17664140,1.93123690,-1.00802464
-0.20947981,-0.84762136,-0.44226799,1.19520424,-0.76160690,1.33597755,1.76161460,-0.07300274,-0.86410670,-1.64407891
-0.96300037,-2.26062432,-2.30320234,-0.79808773,1.38463230,0.39874173,0.01501661,0.43306123,-0.22502209,0.65661404
-0.22206979,0.33924189,-1.34077075,2.29675211,0.96740406,1.18383042,0.46997452,-0.78118130,-1.20133793,-0.57719902
1.50416341,-1.80512421,0.08110455,-0.21400971,0.11942059,-0.22809518,-0.60764742,-1.74546580,1.57032397,0.06862084
0.22668256,-2.33735199,-2.79063306,0.35101988,0.60701585,-0.65937060,-0.81280593,1.14338242,-1.19396305,-1.44121975
-0.35854431,-0.33274527,1.47206112,-2.23767476,-1.21414695,0.57594606,-0.97975968,-1.34063732,-2.79462309,0.63143512
-0.53003156,-0.47344107,0.77029042,-0.01191890,-0.85909313,0.69755906,-1.08359549,1.18703277,-0.33260393,0.07005652
-1.58770252,-0.14733761,-0.61903772,-0.80240830,-1.89817695,4.24635904,0.69839518,-0.63839353,-2.04341965,-1.03831622
-0.90316734,0.73074564,-1.14569844,0.21559939,-0.14943877,1.57292285,1.14526739,0.05249253,-2.15402063,-1.16958757
1.42116592,-0.21418086,1.99852075,2.69129886,-0.76603065,2.77383847,0.70299093,0.70827403,-2.40267390,-0.51870088
-0.88208925,1.04801983,-1.01011304,-0.63374021,0.17629333,2.31924093,1.63839705,-3.10850667,-1.60243070,0.70785855
-0.15350325,0.22938328,-0.12959863,-2.33862244,-0.95484318,1.34666022,1.48197737,-0.04245558,-0.89312346,1.37851488
-1.58953335,-0.65527464,-0.20741489,0.40250752,-0.39975881,2.16972644,0.74023619,-0.13079864,-2.02324105,0.10994633
1.37004056,2.33040964,-1.84731645,-0.29132606,-1.98683653,1.90925105,1.52788204,1.13208801,-0.27079071,-1.00867524
-0.37937365,-0.02593101,-1.10321966,0.27133982,-1.01761588,2.14169383,0.33441895,1.00961794,-1.90962351,0.60575114
1.56488613,-1.94174684,-2.43348095,0.66495889,0.82778624,1.07354810,0.01447313,-2.04943800,0.61497608,-0.75479606
-1.19462313,-2.86577152,-0.29382812,-3.84269977,-1.70744010,0.90905711,0.61926293,1.35544610,-1.01271313,-0.43443022
0.68304698,-1.10346542,1.29529368,1.78034202,-1.47920306,1.04566687,0.50857645,1.12376936,1.02279477,0.14746122
1.88797087,0.05103876,1.70630409,0.84238883,0.26160946,0.06324135,-0.11568200,-1.39735888,-1.21142839,-1.80658013
0.71802870,0.82823930,-2.08856856,-0.43029999,-0.43632654,1.70608526,-0.10995956,-2.60407051,-2.29928141,-0.63965888
-0.34468497,-2.12446068,0.99169680,-1.37845327,2.13869789,-0.91792762,-0.34563399,-0.25677739,-0.25616620,0.58678647
0.44100125,-0.02100155,-1.56410217,2.64496122,-0.55450011,-0.75058379,-1.05547835,-2.04819377,-1.60791449,-0.89280151
1.16594109,-1.40068209,1.09329348,-0.31275987,2.59697142,2.32632396,0.48151251,-1.65075100,0.15790126,1.35158185
0.29696146,-1.00951671,0.99669598,0.06700340,-1.77106609,1.79642096,0.25058721,1.31103845,1.54104024,-0.87283675
1.21133804,-0.62060039,-1.23893716,2.11973945,-2.20217044,3.37625322,1.79662817,-3.60662299,0.38815057,-0.51827116
0.86872101,0.05831039,-1.44315745,-0.05472785,-3.69536407,1.13701504,0.53290683,1.79892729,-0.48961958,0.37212353
1.44158465,0.74793301,-0.00922618,-0.21046003,0.35971525,1.72438832,0.51120681,0.25209754,-1.47964971,-1.40311642
-0.01312688,-0.76222186,-1.37264021,3.92155782,-0.82692342,-0.42813097,0.02703393,-0.89256089,-1.05170873,-1.38301207
1.43463481,-1.01842515,-1.18473195,0.64217128,-1.62151078,1.87032029,0.07412417,-0.07376934,0.16793861,-0.82868507
2.82364585,-0.05708060,-0.96321985,-0.41361535,-2.78166570,0.42501891,2.10634018,-1.09918996,-1.43291591,0.13735886
-0.26750180,-0.38816448,-1.96671048,2.29013690,0.83127652,2.16258584,0.48109133,1.00568791,0.97954226,-1.46541481
1.15331109,-1.41171321,-1.67274837,0.20116410,-0.38894560,0.34160141,0.07624831,-0.58046702,0.62129170,-0.77688183
0.32920009,-1.98435883,1.42558751,-0.13386254,2.10044054,-0.21800517,2.80594274,0.53765674,1.38384195,0.74785040
1.76138553,-0.43217973,-0.23840824,-0.61151304,-0.70537786,0.97616244,-0.84774440,-0.19846443,-1.80790741,0.89289339
0.62070642,2.62758188,-0.37427582,-2.02784218,-2.59645305,1.69100855,1.60994946,2.18618831,1.02384861,-0.69684762
1.34048933,-2.60778002,0.52491033,-0.18550256,1.34500103,-1.44395631,-0.90057222,-0.30512122,0.44854128,0.39693785
