-1.03862053,-1.58120176,-0.99428156,1.09325030,0.52573793,-0.19100211,-0.95666566,0.37186737,-0.36529368,0.33340103
-1.50085326,-0.00780143,-1.04402253,-0.48883603,0.72836749,2.24602761,-0.08028437,2.50187121,-0.08209375,-1.73704167
0.29292144,-2.14423618,-2.00890866,0.69974352,-0.48700994,-2.54258277,-1.86839848,-0.69994457,-0.49038036,0.22707612
1.91540048,1.94762200,-0.40243299,0.13161500,-0.69182590,-1.86233792,-0.85607911,-2.60309656,1.24544814,0.60940873
0.45299107,-0.33596777,-0.73640967,-0.51135029,0.05750897,1.46344778,-1.26926183,0.80196356,-0.62060819,-0.66142628
-1.13657932,-0.70402857,0.75791661,-0.04322287,-0.83729220,-0.01461884,-0.18463968,1.31958732,-1.13411027,0.59451365
-0.00851266,-2.72152880,-1.06528864,-0.23892931,0.34967996,0.86434560,0.02556417,0.63306941,1.00360848,-0.09747228
0.57785346,-3.20956019,-0.82769471,-2.33559438,-1.61467242,-0.03747779,-0.36689683,0.46118884,0.18701936,0.58688028
-0.89054278,-2.63937614,-0.24744317,-1.10556106,-1.69819284,0.71313019,1.33889209,-0.55578635,-0.24318240,-0.79876235
0.03133752,-2.59459691,-1.42321830,0.16048232,-0.02430775,-0.63209722,-1.18469123,-2.50293590,0.26185932,0.42668538
0.20656453,-2.22767331,0.24016654,-1.82507133,1.80989356,1.84056119,0.46956010,-0.51731966,0.42645051,0.46922313
-0.03666449,-0.06990289,-0.25902295,-1.18960550,-0.58717100,-0.15917923,-0.08217564,-0.49238367,-0.87958015,-0.95332446
1.31218956,-1.82522584,-1.33870613,1.30121820,0.88618545,-0.51460057,0.19246374,-1.11212780,0.41560701,0.67844323
-2.24505431,-1.50232825,-1.25099136,0.65072083,1.19580316,-0.29734790,-2.19765041,1.05623628,1.67210585,-0.19732676
0.67408183,0.56080555,0.77939739,-1.70486462,-0.92372239,4.23277720,0.26083824,-1.72660916,-0.95638415,0.36576249
-0.56381806,-0.25034329,1.03879378,-1.34139035,-0.76587333,0.87710715,0.78784843,0.82137848,-2.08972874,1.78251218
0.38972104,0.17533572,-0.37304761,0.69076423,-2.80285152,-0.43980146,-0.54917580,0.22055326,-0.32190479,0.75122894
2.37604357,-2.03647032,0.08874485,0.61469353,0.42766568,-0.70790294,-1.28697180,1.63651180,-0.23735181,0.64972407
-0.70773982,-2.61691925,-0.11224920,-0.97876449,0.02493673,0.54971001,-0.03019800,-1.21086873,0.31371390,0.60307227
1.10461841,-2.74378271,-0.67792635,-0.85183926,0.43494969,0.30631474,-0.65443909,0.12975896,-1.60168420,-0.08724543
-0.75628446,-1.83483749,-0.38899173,-1.75887177,-0.31639522,0.51295735,0.09525915,-4.61157045,1.50136451,-0.09401539
1.75755499,-0.28297674,-1.16945698,1.24282874,-1.88953921,1.94926353,-0.35138488,-0.31164032,-1.52682679,-0.93955458
-1.62086290,0.08429886,-2.72058284,1.52992082,0.04763668,1.74626961,0.99630211,-0.67102493,-1.90996460,-0.44226573
0.38548549,-2.81506627,-1.91581560,-1.62573115,-0.04625738,0.81224515,-0.77201439,1.15912179,-0.57640318,0.29988066
0.86740445,-1.46323780,-0.68178738,0.53408796,2.87136830,2.16457822,1.36752553,1.61496434,2.43292350,1.22146932
-0.61072623,-1.42621705,-0.35967201,1.21227942,-1.26387183,-2.14737144,-1.26612811,-0.48372513,0.85413631,-1.45608024
0.61932334,-1.77830228,-0.29311852,0.48738696,-0.84594058,0.86830186,1.11180936,0.64001437,-0.87309334,0.43471610
0.84433744,0.87153212,1.41822031,-1.24822924,-1.38553888,1.53035423,2.81836996,0.76794619,-0.62557913,-0.12277622
0.07517124,-3.43472736,0.62397639,0.15570579,-1.25469144,0.74441437,0.72420342,2.16392416,-0.31855723,1.27787463
-2.18784354,-0.78066666,-0.19176327,1.09161124,2.67024002,3.49980372,0.81299880,-0.20385278,0.43000038,-2.27868820
-1.22334514,1.66133511,-1.14737828,0.56252025,0.96570328,1.27514233,0.92697316,-1.74232310,-1.01433724,-0.68706821
0.51109161,3.50515016,-0.59373525,0.12946368,-2.47938274,1.98362717,-0.34533926,-0.95475413,1.64690235,-2.03032839
-0.49860841,-0.93908171,-0.04423440,-0.04095850,0.33074763,1.02087434,-0.19547224,-2.52769638,0.77570920,1.38775567
-2.20454829,1.50428639,0.52008919,-0.85181457,0.02868415,3.42682930,0.90176577,-1.00556109,-0.46204499,-1.18694755
-0.38146684,-0.65869077,-0.15594896,-0.29793437,-0.77080244,-0.51027456,0.00768419,-0.35814374,1.12333102,-0.03525721
0.32564099,-1.02834480,-0.48225131,2.26673384,0.68391838,2.09897165,0.54410626,-0.85989876,0.27530443,0.80956500
0.35624499,-1.25010634,-1.29876482,1.50222711,0.18238122,0.62661787,0.96782328,-1.39167727,1.18455722,-0.89623246
-1.01925307,0.11693866,-1.00457553,1.10234857,-0.25498657,1.23948795,0.46805539,-1.53398389,-2.40530039,-1.74410980
-1.35009912,-1.90851000,-1.27978294,-0.65377442,-0.72393175,0.55262130,-0.60808569,0.88491933,0.75256169,-0.87445576
0.13373836,1.35384702,0.00184757,-0.65694095,-0.35752150,0.96337541,0.04137824,-0.61518388,-1.89110475,0.73772671
-0.07306541,0.33733022,-0.53818308,-1.16600159,-0.07076804,2.23438606,1.16014434,-0.62219261,-1.02709636,0.13291676
-1.37673881,-2.23734254,-0.87607734,-1.52254444,0.49844548,-0.07864193,-0.39389458,1.46653077,0.18852178,-0.30648053
2.79574608,-1.20787311,-0.37038191,-0.04762708,-0.52851434,-1.07069283,-0.36343875,1.08007670,-0.57511127,-0.10769340
-0.92518850,-3.32235844,-0.29039150,0.98486857,0.16801898,0.28768178,-1.12063176,1.63205031,0.29809905,-1.96400104
-1.65577886,-2.60986580,-1.27671287,1.17434968,0.39508958,2.55782297,1.73965684,-1.06427751,0.45592108,0.14637081
-0.87966257,0.07313851,-0.32385932,-0.33038229,-0.37059650,-0.18600522,-0.35837267,-0.35141872,-2.47136318,-1.00338729
0.81885434,-1.62641780,-0.25640347,-1.98845657,-0.29258247,-0.35566009,-0.87059183,-0.83297637,1.47613093,0.55536152
-0.08502396,-0.98125544,-0.31475926,1.46563531,0.00500629,1.12907012,0.38369784,-3.43791310,0.05975423,2.00709490
-1.00917728,0.32170392,-0.70110583,0.52541283,0.11652495,2.32969238,2.57559012,-2.65970480,-0.41061152,-0.94658086
-0.18602188,-0.67447716,-0.52195658,-0.01327410,-1.34956550,1.63013583,0.38026247,2.26471012,2.17130296,-0.23062442
0.24823431,0.03277441,1.46838197,1.95270909,2.17214755,0.80290826,-0.21081840,1.76587539,-1.30083892,-1.34888208
2.00694052,-1.26780520,-1.67957553,3.04632306,0.28988078,-1.01513411,-0.88255188,-0.92008465,0.36842412,-0.76889887
0.78866622,-1.04674894,-0.18321975,-2.17385767,-0.08613340,1.11076457,0.35345831,0.21065760,0.13867341,-0.12637656
1.01199946,0.72768894,-1.41400551,-0.57885082,-1.78795442,0.41984372,0.05223072,0.72294156,-1.87753908,0.88764963
0.32130324,-1.88519946,-0.59312395,-1.46452874,-1.42010082,2.90166342,1.69900705,0.50278953,1.31018986,-0.44928825
0.51757660,0.24647689,-0.51967170,-0.29188690,-3.18649366,1.72368495,0.95718295,1.22711583,-2.35955427,-0.86919700
-0.74389373,-0.57619778,-1.09487072,0.44713624,-2.46794416,0.31915605,-0.22096355,2.07428214,0.60844716,0.39390968
0.15565100,-0.68208854,0.11767802,-0.77526504,0.33384132,0.63079211,0.37744418,1.25765350,-0.23647562,-1.85204150
0.03150554,-0.53785131,-0.68373896,-1.52501271,0.57517214,1.17712236,0.45255484,3.28236530,-0.75500248,1.97105385
1.37192726,-1.37562455,-0.52284826,-0.87822231,-1.99421620,0.75560958,-0.24583744,1.21050834,0.22084064,0.14798471
0.21880892,-0.56368047,0.15993672,-1.26611724,-0.54745513,1.96845263,0.07532957,2.07815220,-0.65880715,-0.15809021
-2.68509743,-1.75033178,0.35611394,0.03349294,-0.11137678,3.52153254,1.51468458,0.00534819,-0.45384303,0.14152320
2.13247444,-1.33482653,0.10099955,0.04092707,-0.21567063,-0.82602249,-1.10702086,1.24269974,0.63927427,-0.81277745
-1.54868660,-0.11572623,-1.96081456,2.05732954,-2.87198296,2.67307480,0.53202367,-1.13560865,-0.97228915,0.04229693
0.80567347,-1.79343074,-1.12927654,-0.62884822,1.61759269,0.60280598,-0.29882071,-0.07794615,1.19051155,0.96234332
0.88016158,-0.90077928,-1.06813199,-0.77754854,-2.03433177,2.91089256,0.13436811,-1.07092043,-0.29038088,-0.03412166
-1.01935524,2.09380046,-1.89854616,-0.60710665,0.50370115,1.53029821,-0.02003876,0.15324670,-0.27719396,0.44978769
-0.33858650,-1.51592796,-2.60585842,2.28287525,-1.71639746,-0.02743693,-0.92795270,-0.16401436,-0.34249906,-0.15972278
-0.16768594,-1.77618471,-0.19813059,0.93237683,-1.00161285,-1.82812022,-1.00684580,-1.71021845,-1.11669444,-0.50013391
1.01443409,1.30967365,-1.59570770,-0.61633913,0.43058624,0.78714869,1.61622297,0.18044161,-0.22641471,-0.86045048
0.78338426,-2.87510773,0.66614036,-0.08222528,-1.09985580,0.08834938,-1.21707850,-2.06521270,-0.58825101,-0.51639977
-1.77083269,2.04689489,-0.71522091,0.36827052,0.70351772,3.22776135,1.54449914,-0.51053499,0.20352148,1.01404279
0.10214828,-1.79668552,0.90896112,-0.84470514,1.95714563,-0.46810669,-1.37921457,-0.19964854,-1.39047104,1.86045516
0.44899666,0.04873397,-0.09213502,-0.71233793,-3.84509104,-0.26051743,0.27249276,-0.85201223,-3.15042622,0.58155263
-1.56389834,-2.25690819,0.33757150,-1.73265520,0.37081398,0.44784333,0.80103805,1.71644000,-0.61442901,-0.69484759
-0.12063496,-1.53917091,1.37290542,0.34668277,1.41739621,-0.42555390,-0.73099846,3.54804048,-0.50230325,0.51911762
-1.05156896,0.31434629,0.51467125,2.88029103,-1.55678638,-0.14830176,-1.52247301,2.82175696,-2.58090491,-0.65621990
-1.03858515,0.17710658,0.97514334,0.79058359,-0.38030317,0.02800225,-0.47296255,-0.96774105,-2.01270179,-1.11816955
-0.40554124,-0.05829465,0.50571470,-0.14535832,-3.56531580,-0.31499592,0.48078579,1.97287529,-0.05330528,0.60375043
-0.86226762,-2.69704718,-2.36469087,1.27962018,1.08981473,0.53084460,-0.12972362,2.15725014,-0.63136692,1.87185300
1.79378657,0.22155778,-0.01271392,-0.22637361,-1.98768078,3.09119044,0.46168872,-1.98262545,-2.08445776,-0.05385040
2.70621575,-0.27954302,-0.36308802,-0.00744096,-1.91910067,3.28074162,1.78372049,-0.35310487,-1.25510759,-0.62116410
-0.59910212,-0.29554402,-0.24749938,-1.61854637,-0.98015976,1.03045445,0.57662060,-0.87465131,-0.50714268,-0.20563291
-0.31018564,-1.77630800,-1.53940199,-0.19890655,0.25644719,0.07740446,-0.80000861,-0.19752516,0.74989449,2.79761732
-1.32715790,-1.96595537,-1.45539076,1.59537499,3.63045890,-1.06048344,-0.62284319,-2.02848681,1.30713402,1.88982900
-0.84292313,1.19004429,-0.23660596,-0.69144890,-0.19388253,3.13460936,0.96216993,-3.74313459,-1.49162216,0.09788269
-0.83094353,-1.20323599,0.32382109,-0.28840457,-1.02166995,1.21389475,0.27258607,-0.56110572,1.10654350,-0.47934386
0.55471383,-1.10052672,-0.83673862,1.16974848,-0.44651676,2.33093376,1.62387277,0.31425684,1.14293680,0.84585777
1.62277560,0.19369553,-0.61840669,-0.09368382,-1.34229422,0.83957845,0.39979072,1.03268261,-0.65325927,0.21269422
1.75144309,-0.15209645,0.14714876,-3.13267251,-0.99973852,2.88077564,1.31685307,1.17240788,-1.10329442,-0.25377564
-0.01952137,-1.70057677,-0.89181740,-0.40733766,-1.72974234,0.50635613,-1.44631780,-0.17009607,0.29554681,-0.11046291
0.18317555,-1.74360899,0.60255647,-3.22217732,-1.61709273,-0.33331764,-0.35556190,1.39839153,0.89880052,-0.35199057
0.54583009,-2.16793459,-0.72626671,1.26411676,1.23900555,-1.46921957,-1.01338753,-1.08196834,-0.01459459,1.45242559
0.37555815,-0.98615181,0.08585325,0.72346756,-0.36114389,2.27378771,0.38349387,-0.43356929,1.48179213,0.12710436
-1.07245321,-0.60439955,-0.52934753,0.27335978,-1.48075175,0.60702638,-0.18936161,-0.56466454,-1.26231313,0.45261910
-1.38422784,-1.09388004,-1.01413899,-0.23445238,0.01309447,0.66829215,-0.31332394,1.30489978,-0.52775919,-0.02125262
0.25625178,-3.36177320,-0.50094390,1.26297752,-0.93143884,0.30299297,-0.73403806,-0.22776338,1.24870058,0.81253839
-0.30334634,-0.91596584,0.89028580,-0.89407564,-1.12072711,-0.34810141,-1.24539207,-2.48766599,1.33211985,-0.17138772
0.43991939,0.93323468,-0.10182317,0.25110884,0.41358887,-0.04473450,-0.24345327,2.10684343,-2.64597678,-0.75365694
-1.15479932,-2.14563010,-0.00499043,-2.14195225,-0.74608855,0.41985536,-0.57727901,-0.44065741,1.01822943,-0.63707681
0.96023308,-0.49831414,-1.57448773,1.08185272,-2.14633202,1.10814340,-0.38065332,-0.60949815,-0.93440442,-0.35964004
-0.67531603,-0.56498107,-1.14085567,0.26138528,-1.51559416,1.12041100,1.36325395,-0.94242340,0.39417836,1.03497076
-1.78139669,-2.15720658,1.39886194,-2.65123450,1.33276427,-0.19581456,0.13788718,0.59367630,1.13097174,-0.04800062
-0.81997190,-1.81272526,-2.71613826,2.48420689,1.36242940,0.36137716,-0.17955216,-1.27850488,2.02420084,-0.49225579
-0.73349642,0.17624417,-0.06146123,0.02964884,0.17795261,1.51814459,-0.06147557,-3.69459808,-0.41069333,-1.32155855
0.17099795,-1.44124105,0.38797702,-2.73665517,-0.47885408,1.28567721,0.04962036,1.21921739,0.09043802,-0.66711161
0.29211030,0.99468377,0.26279774,0.95945762,-1.11637220,1.11790919,-0.11255227,-1.17662671,-2.04427565,0.03451592
0.66661526,-0.56042222,-0.78161245,0.96155958,-0.95392043,1.37005342,0.49180234,0.20610134,-0.43077902,-0.41169953
-0.57539011,-0.96527334,-0.39749674,0.38528855,0.92538793,2.53854886,0.93793548,-2.30393971,-0.58912574,1.09773194
-1.03472941,-0.66207255,-0.08508493,-2.52124311,-0.50947580,0.01553536,-1.52600123,2.94630743,-0.31537088,2.33022584
-0.59538521,-0.09935926,-1.88944443,1.12910925,1.11961153,2.29317907,2.38160428,0.00668775,-1.18886069,-2.08334741
0.58170432,-2.09737925,-0.59537480,-1.54676327,-1.04195688,0.04813815,-1.14515987,0.34195152,0.75572769,-0.66259047
-1.66400249,-2.43957863,-0.22112177,0.53457892,1.26680877,0.87701252,1.67195332,0.85386081,1.76871696,0.67790712
0.70101604,-1.33330180,-0.67156644,0.87241156,0.13632169,1.53554791,0.24081327,1.33481307,1.77048923,-0.20194428
-1.26821776,-1.61861386,0.02265555,0.72324867,1.65148420,0.55951249,0.00096308,1.11636676,2.54918928,1.03794205
0.26821557,-1.21011602,-0.17959572,0.67328460,0.16479620,0.01101594,-1.47065559,-4.25123406,2.38321855,-1.29159142
-0.92085891,-0.70180834,-0.89664041,0.33771846,-2.41100263,-0.47183563,-1.41787397,-0.39732963,0.61341823,0.15510765
2.07949945,0.87719756,0.96876449,-1.70856317,-1.31506613,1.71625399,0.87685219,-1.14318871,-2.44109945,1.17774999
-0.36404340,-2.08716821,-0.58063332,-0.54278630,2.31155123,-0.34604484,-0.04582522,0.23492866,0.60028247,0.90763132
1.39856960,1.14891550,-0.96315026,-2.50494366,-0.69929002,-1.29860927,-1.73641508,1.17854081,-2.95400521,-1.03032335
-0.41714394,-0.54151030,-1.41338707,0.46469141,-1.86245431,0.19592185,-0.48251708,2.03592341,0.13082646,-0.40236146
-0.24085236,-0.61231773,-0.27861175,-0.26679614,-1.51612929,-1.33716674,-0.24794812,-1.89969260,-0.73879118,-0.25579023
0.90590758,0.58307823,-0.63751418,-0.42025237,-0.69384176,1.87845987,1.77802675,1.85463821,-2.37870126,-3.53377196
-0.24186031,0.74235427,-1.12050426,-0.03623180,-1.10364530,1.59149297,0.12979287,-1.13971287,-1.16228516,1.17153419
0.46488055,0.09099173,-0.43010171,-0.88798290,-0.92065653,2.21506119,-1.53399216,1.45285733,0.41980335,-0.48058946
1.32919582,-1.39772339,-1.12306135,0.39793439,1.70968735,1.48721555,0.79518453,-1.60359926,-0.24122948,0.59759508
-0.35854067,-0.74470724,-2.34424486,0.66806455,-1.03107471,0.72805631,0.24401427,1.09647719,-1.53151783,0.07031868
0.66120899,0.92204284,0.32703685,-0.86364070,-1.35988923,1.55697713,0.37198174,1.29750911,-2.14727842,0.46602239
0.49575283,-1.76154324,-1.57890503,1.71643981,1.74599590,0.27383718,-1.34963793,1.39411552,-0.89030398,0.71109176
-1.54858366,-2.18393071,0.09039324,-0.34131193,1.32265431,1.13143206,-0.25885181,-0.36837547,0.49952540,1.41969474
-0.21965058,-3.56465316,1.15361455,1.97463117,-0.71506256,0.20805278,-0.23875307,-1.09602401,2.00670731,-1.48322568
-1.15457460,-0.43011061,-1.83118323,2.94842795,1.22165580,2.80733664,1.05812385,1.54473336,-2.70917448,-1.67977700
-0.34887308,0.39492608,-0.53900328,-1.45313940,-2.88915253,2.48314132,1.62192912,-2.45438853,-2.41737674,0.58399464
-2.07911952,-0.53708947,-0.32733289,-0.81891739,-1.55264666,1.27152421,1.26577751,0.79609032,-0.45969268,0.19498053
0.41379754,-3.05757108,1.34030336,2.32726382,-1.90641110,0.51270927,-0.95244506,-0.47769756,-0.25525954,-1.39512332
0.19828807,-0.81245595,0.73222760,-0.36427770,-2.89093729,0.72941799,-1.51872319,-1.07433039,0.76460874,-0.66269506
-1.23543971,-0.05345544,-2.99166119,1.94844864,-2.48596181,2.75579526,1.48190574,0.72607002,-1.31678274,0.36724586
1.05633247,-0.74746998,-1.31181768,0.56023249,-2.12551715,0.42068076,-0.11242097,-2.06025828,0.70368393,-1.20565732
0.86532294,1.87292486,-0.18149973,1.67652563,1.73574216,2.67571636,-0.46337008,0.76916926,-0.41504237,-1.97636477
0.40978353,0.60752571,1.04121022,-1.94582894,-2.71386138,0.27272919,0.78010062,1.31056412,-2.83758011,0.44915518
0.45357226,-0.87547137,-0.33615301,1.20018611,0.35411747,-0.00462987,-1.49229631,0.44747621,-1.05819582,-1.90954614
-0.01052653,-0.74839253,1.23228825,1.03816134,-0.78023732,0.64912046,-0.04624427,-1.80174335,1.05041698,-0.24278061
-0.72498736,0.46675989,-1.40657757,-1.82623863,0.57777299,2.39859951,0.70573612,-2.79809821,-1.92495681,2.14310386
0.04444245,-0.33433013,0.38948937,-0.15909970,-2.52790162,0.81465791,0.85136338,0.49098318,-1.63787362,-1.33676096
0.29831543,1.17077228,-0.63146199,-1.10887086,-0.27908668,1.77474696,0.34094974,0.09179988,-1.99107079,-0.63627841
1.56511288,-0.30844909,-0.52461521,-0.80310260,-0.76302405,-0.25237887,-0.69230502,-1.04835205,-2.24427808,-1.30898542
-0.17301983,-1.85950194,0.24434870,-2.28198800,-0.03727972,-1.34070645,-0.70478529,-1.94199450,1.69384671,-0.54842906
1.04169699,-0.58826716,0.18396292,0.63669517,1.16969533,-0.70587214,0.19112861,1.42484759,-1.04909605,1.38092210
1.88642706,-0.66751056,-0.00045750,-0.51897480,-0.84701562,-0.36181350,-0.88536127,0.02266086,-0.79910992,0.21878570
-0.11444535,-1.29381359,-2.41112540,0.39995293,1.85240659,-2.80336497,-0.03080745,1.91091240,1.61005451,1.61325263
1.47346036,-0.88866834,0.68582420,-0.29609859,-0.72897907,-0.37841653,-0.28553755,-1.77033441,0.78276930,0.12148825
-0.12661489,1.25295106,0.43748270,-0.30685559,-1.68906321,2.82243336,1.13703571,0.24395740,0.66618152,0.15565032
0.70824420,-1.62584128,0.15214476,-1.12383913,-0.69610277,0.84166014,-0.17266160,-1.80876614,-0.04517921,-0.84786816
-1.53408389,-2.94250537,-1.67355338,-0.49291669,-0.42969511,4.06139548,1.44382361,-1.93541609,2.72661940,1.64175654
1.30194078,0.73950718,-0.27278667,-0.67070738,-1.24345049,1.70986767,0.25458529,1.78183289,-1.56103081,0.45342041
0.17506972,-0.37922279,-0.38045897,-0.19556078,-0.32305008,2.05176912,0.01789456,2.31886576,-1.07293258,-1.30184961
0.17284779,-1.05742827,-1.65263281,1.08590529,0.46041026,1.05899235,-0.81960336,-1.21655171,0.12045150,-0.24516373
0.39030109,-0.65597808,-1.17021606,1.58640999,-0.60883942,0.61751899,-0.47218984,-2.12693893,0.78407777,-0.56356760
2.25893240,-1.36091383,0.14677528,-1.07078905,0.32736874,-0.70305504,-1.13863061,0.65212229,0.36844509,-0.91510658
2.27568803,0.38311930,0.38966377,-0.35568932,0.19105547,0.25862006,0.53956673,1.47199018,-1.91177051,1.31653513
-1.81653318,-0.12029999,-0.78391797,0.11048071,0.98230404,1.89072166,0.31628124,1.70148326,-1.91778946,-2.29047318
-0.21496033,-0.94491576,0.75919666,-0.08910561,0.30279964,1.50855862,0.59698364,-0.66640714,-0.81837485,-1.10810338
-0.11597156,1.84667271,-1.05970671,0.83990807,1.06564885,0.97074003,1.10852824,-0.77810831,-0.27507968,-2.33958748
0.07920647,-1.06256740,0.14408389,0.17468486,-0.86869473,1.81110446,1.06623323,1.95354769,1.30567678,0.05657275
-0.41045301,-0.81563912,1.19305126,0.44748202,0.71822229,1.51353510,-0.19601793,0.53289337,-0.52710617,-0.82241202
0.25741812,-1.82297734,-0.01253401,-0.35161456,2.12073329,2.99695899,1.51541100,1.97661473,1.98147145,1.46177668
-0.31319592,-2.09430638,-0.83469969,-1.24040255,0.85574698,-0.68170205,-1.72567947,0.04551673,0.07193914,0.34541036
-1.79582953,-0.29612128,-0.28237870,0.52225147,0.82281886,2.50405812,1.29699087,-0.42264710,-0.94977840,-1.94801588
0.09914499,0.44378123,-2.43380627,0.12583089,-0.53272806,1.51427836,0.05910942,0.95404479,-2.03301554,2.56995644
0.30280455,-0.91448370,1.10421086,1.30734164,-0.92889362,-1.11837336,-1.67513869,0.39837876,-0.04167440,0.07424808
-0.23090105,0.52368154,-0.42521372,-0.82934089,2.00151160,1.72025638,-0.80826071,0.04822946,-0.58304718,-1.98401285
0.80613695,1.03779596,-0.63502167,-1.64248441,0.99169450,1.68922237,-0.18357409,0.42923749,-1.75760721,-1.12469765
-1.50412136,-1.87786558,-0.99874707,-1.21036122,0.70693597,2.93334725,0.06553427,-0.00426566,-0.48484954,0.06299593
-0.83925286,-0.81298191,1.20708601,0.41703807,-0.65813057,1.87075009,0.83214214,0.97458655,1.57262525,-1.77752196
-0.17857688,-2.68047185,-0.28048302,-0.80078776,1.47064445,2.86341052,0.37973423,2.00663375,-0.50289132,1.39905820
-1.81633306,-1.49245480,0.08876859,-0.96524264,4.33118215,3.29160849,-0.06887201,-1.48164276,0.70961749,1.06092961
-0.03943059,-0.46107834,-1.47565518,0.73071641,-1.34471065,1.18046136,0.79668525,-1.67598404,-2.44362806,-0.05950052
-1.89923645,-1.10248849,-0.15746820,-0.30350279,1.15998028,1.27775422,-0.35836844,1.98199351,-0.42073439,1.05251756
0.01813180,-1.12303708,1.23161333,-0.53974370,0.17582210,0.77096037,0.28994164,-1.38074284,2.36603104,-0.61072847
-1.83028056,-0.21002367,-0.90722665,-2.21024330,-2.19548492,3.88076592,0.95752876,1.32586494,-1.01587882,-0.12760345
-0.06278400,-1.51937055,-1.57172783,2.40766006,-0.60784581,-0.48143867,-1.17661593,-1.45914518,1.54721633,-1.13427576
0.78056788,-0.66359509,-1.41566859,-0.22858569,-0.55106368,2.00533019,0.38573303,0.37038208,0.88133688,0.34778909
0.91516170,1.00745739,0.04290026,1.38101761,-1.03451058,2.17072614,0.57932611,1.46651366,-2.43042286,-0.32926897
-0.42857874,-2.13333536,-1.87833815,-0.72878283,0.34330110,-1.94171152,-0.63097244,-1.70813166,3.47864630,-0.69247164
0.03194820,-1.78826929,0.52461554,-0.98492752,2.36505740,-0.08730465,-0.41672990,-0.03116295,1.35486549,0.21717996
0.28169633,-1.06916512,-0.39405711,0.93109870,3.26293698,0.13007041,0.06446390,-0.89448460,-0.43071739,1.04765224
-2.53339579,-1.07878887,1.24460449,0.92474528,1.02443651,-0.73819005,-0.87466557,2.31328249,0.68367599,1.10175510
1.01871402,-0.68274506,-0.76428591,-0.44930607,-2.33108502,1.28951037,1.21054312,1.35884425,0.84608690,-0.35539836
0.58483393,0.41677185,-0.72706224,1.12354822,-1.03022417,1.46021464,2.90670377,1.62472729,-1.51818754,-0.02021896
-0.72784941,-1.26340910,-0.23054131,-1.26064382,-0.24262184,0.67633907,0.64642276,-2.35873085,0.92331669,-0.36056591
0.09126370,0.64556672,-0.94891185,1.45489396,-0.98122122,-0.67428993,-1.15339735,-1.06002053,-2.03527787,-0.18109922
2.12612726,-2.97003118,0.24916012,-0.14153892,0.60149613,0.59784221,-1.75941212,-0.01758571,0.34982551,0.87962137
1.44320169,-2.63833369,-0.35129868,-0.35843166,0.21512368,-0.35966308,-0.48586848,-1.91880784,-0.14603284,0.78341805
-0.85632457,0.49731599,0.00479445,-0.79572331,-0.58048270,1.63898098,0.56869378,-1.64871265,-2.51197695,-1.26827111
1.03899690,1.19292493,-1.04252671,-1.43277676,-2.27172583,2.20222961,0.11095505,-1.33146350,-1.99802663,-1.10830445
1.06080192,-1.48848238,-1.38363082,0.19314831,1.83472320,1.38444473,-0.28305502,-0.57282268,0.89537099,0.49592356
-0.95097093,0.06661261,0.61236033,0.94075331,-1.03386996,1.96275752,-0.05754396,-2.76933454,-1.61192380,-0.45456287
0.73553875,-1.35716149,-0.45884607,0.97087287,2.75764857,1.28443541,-0.02498091,2.54862172,-1.31793346,1.44868139
2.55969967,0.55339112,-1.82712947,1.38290099,0.39771258,0.68475496,0.50808731,-0.54392406,-1.30417263,-0.81039729
0.24482540,-2.11259516,0.71856887,-1.98144329,1.06439534,0.03018743,-2.00740730,-0.19870913,-2.55490417,0.38302347
-2.83721439,-0.59131952,-0.77501289,-0.25611039,-2.10002437,0.25565406,-0.03648744,0.30769054,1.04032831,-0.77953134
2.39346286,-0.63022488,1.61435325,0.36853673,-0.40197142,-1.17699726,-0.96810736,-0.86013225,0.12964304,0.84671308
-0.00453753,-1.26413476,0.12269898,1.64254920,1.73554245,0.90595776,0.28138998,-0.72635258,1.37796494,1.51082741
0.59370719,0.39723178,-0.01166737,-0.29409333,-0.77784955,4.20170271,1.41050257,1.14455266,-3.28283229,1.24500222
2.60234823,-2.16897817,0.16884120,-0.28217687,3.08834972,0.48872373,-0.21756611,-1.22664110,0.32112051,0.70112477
0.97852102,-0.86133236,1.13702547,0.46708889,-0.96276083,1.41856978,-0.02022227,-1.03421755,1.04408815,-0.34132207
1.43615061,1.89825079,0.32171610,-2.15186584,0.62397478,1.17549324,1.05008274,2.50295136,0.68895881,0.84368838
-0.98213762,-0.29533426,-1.38482787,0.84040323,0.78030481,2.41456595,0.66928697,1.99774227,-2.09735269,-2.70521752
0.76195696,0.30967240,-0.16663058,-1.59536874,0.83862415,-1.22912300,-0.21365806,1.31246048,-1.86319403,-0.42035840
-0.83806973,-1.22135471,1.18305951,1.63332940,-0.72123612,0.34513133,-1.64761904,-0.45759047,1.45721636,0.22160641
-0.17792867,0.23273506,-1.57295486,0.30708986,-1.94112465,-1.20941965,-1.09651068,-0.48850629,-3.61079274,1.26796759
-1.66416212,-1.56587249,-0.63717332,0.92987820,-0.02021630,0.54312245,-1.03149907,1.99548863,0.81762112,-0.90731340
0.66910274,1.38541343,-1.38047134,-1.05896567,-2.86533953,0.98201963,0.71097215,0.88470919,-1.76766744,0.84945481
-1.66240991,0.60064514,0.06967952,-2.13970990,-0.45915528,2.49886937,0.47198969,-3.66012777,-2.04229986,2.70054256
1.67930970,-1.95296385,0.30938638,-0.57373135,2.52007018,-0.36135717,-0.57295756,-1.15566005,1.07753094,1.00293288
1.98110740,-1.22047933,-1.07791432,0.68455649,0.48301102,-0.02918050,0.04580769,0.15730319,1.40677501,0.63562656
0.32972217,-0.60434430,-1.68791942,0.29312369,-0.76126161,2.40821018,0.40373172,1.45396375,-0.98953991,1.81506462
-2.27263037,0.65405681,-0.02879484,0.18657495,-2.62573337,2.04485035,0.28025838,-0.55101558,-1.32269966,0.85482273
0.58764015,-0.12725782,-0.65670642,-1.06271008,-1.98510542,2.30947612,1.83337990,-0.70635737,1.22250453,0.00341746
1.57586643,-0.29164752,-0.96161905,1.35669338,0.71982387,-0.35641754,-0.63185338,1.50591810,-1.80790701,1.14994615
-0.50858782,-1.46714581,-1.09857083,1.27744370,1.97066466,-0.20081804,-0.39535755,-3.70926534,3.39838350,1.19108597
0.75016880,-0.00116840,-1.86084246,1.91153312,-0.36184097,2.07261433,0.48008123,1.58480119,-3.20370060,-0.56543768
0.31008916,-1.22005965,1.67632476,0.92681523,-1.33248338,0.37968017,0.24903131,1.57082022,0.11156030,-0.11962688
-1.69796660,-0.06293571,1.24694956,0.36784604,-2.83721110,-1.08248810,-1.33726491,-0.05041492,-0.29392874,-0.33942569
1.69955023,1.05516206,-0.20849858,0.17828153,0.06877279,-0.72435650,-1.15592266,-0.29215527,-2.29954008,-0.90815430
0.52039067,-1.28393554,-1.40521681,0.34528150,-2.37221184,0.47018071,-0.89770947,0.68664942,-1.66124250,-1.14195685
1.24459736,-1.74150654,-1.96403864,0.98857463,0.77622438,0.36664489,1.24966091,0.04743349,-0.71709323,0.65773778
-0.33074053,-1.97361193,-0.95198595,-0.88785692,-1.37844849,0.02989435,-0.23072891,0.69354860,0.95184384,-0.48071259
2.04078567,1.39940400,-0.42458335,-0.02751739,2.19278473,1.84602617,0.26836012,-1.78612805,-1.74587767,0.07362086
2.07011431,-0.39869611,-1.42827653,-0.48188235,0.52920787,0.62750775,0.21534971,1.43007581,-0.97113979,1.23640148
1.33473899,-0.80779356,1.55813748,-2.00018966,1.85549325,0.71779020,-0.34538861,0.89334070,0.49804832,1.90135377
0.95099430,-1.97355047,-0.51011587,-0.33107376,-1.00417698,-0.24735301,-1.20512858,-1.41741823,2.83459430,-0.68548484
-0.24487123,-1.25161376,-0.38616774,-1.51682582,-1.77784470,-0.01862636,-0.40961483,-3.70043618,2.09645138,-0.38698250
0.20787818,-0.64524462,0.61222595,-0.25989056,-3.21556139,0.20343800,-0.70096916,1.82017993,-0.66716762,-0.30235215
-1.70830943,-1.93964150,-2.26514803,-0.03482346,0.99346359,3.31426419,1.85377212,2.09089808,2.36791070,1.20822052
2.25945163,0.16311941,-1.66642841,-0.22221449,-0.22776094,-1.08444296,-0.22722067,2.14175797,-0.95114577,-0.64516177
-0.65206155,-0.65069304,-1.97114471,1.56247059,1.21362701,1.46180290,1.58581827,2.04190924,-0.04919273,1.44516867
1.59932924,-1.10273313,-2.39061421,2.84935088,0.63831218,1.50340195,1.09423402,0.34061758,-0.47318801,1.07556725
-0.14021346,0.07130981,1.49534041,-0.04918600,0.07259233,0.72659446,0.00651118,0.62737949,-0.29452892,1.15149708
-1.20414754,-1.20096327,-2.18816240,1.59225437,-2.18967694,0.68859198,-1.86266636,0.66161574,0.01357026,-0.90581218
0.95272224,-0.83250141,-1.03755428,0.07924060,0.97017131,2.53773055,1.53707976,-1.14688109,0.15928130,1.16409702
1.70837287,-0.80724186,-0.67624455,-0.23506606,-0.80133144,-0.80451784,-0.53864041,-0.74695214,-1.22223564,0.37594526
1.09537410,-1.69121107,-0.05315284,-0.02959543,1.23348780,0.80766486,0.07159778,-0.26142099,1.38716050,1.18929204
-1.14730840,0.19040416,-0.56768897,-0.14495660,-2.02817764,0.99902919,0.42729195,0.43721250,-2.27075000,0.18667008
-0.10239290,0.25511120,-1.55540823,0.74192328,-0.18763515,1.35907708,0.90072577,-0.58497321,-1.20620940,-0.83151076
0.58818593,-0.97134216,-1.01228529,0.48049003,-1.63487081,-0.73507038,-1.84147077,0.26160412,-0.00202838,0.05708342
-1.53313183,-0.71271960,-0.52262477,-0.33523568,1.65231878,0.99921126,-0.00586100,-0.04859559,1.42297955,-2.15853572
-1.16235874,-1.30719899,-0.99467942,-0.07551064,-2.88029193,-0.49853984,-0.37371150,-3.27873019,1.58847408,-0.86309416
-0.75346997,1.46388313,-1.15976852,0.17136555,-0.79247341,-0.55526618,-1.33153839,-1.48437027,-2.16865885,0.19716448
-0.13649507,0.93371403,-2.45303157,-0.74640297,0.19356336,1.36097798,1.00342466,0.25041839,-2.37471512,1.39560828
0.03890052,-1.59994320,-1.12829946,1.45027637,1.75266830,0.50356034,-0.74832475,-0.79451694,1.03438836,1.53850817
1.04095662,-2.47124392,-0.61124880,-0.06031807,-0.48594519,0.96982478,-0.87809657,-0.55862746,0.91205419,0.00185730
-1.85678562,1.04708024,0.38815203,0.95149403,-0.41173044,2.52942255,1.12958356,1.04337186,-1.70276264,-0.84822491
-1.36194214,-1.06169111,-1.38096651,2.57346962,-1.78993811,1.08257518,0.24826260,-1.74755208,1.57024691,-0.26164854
-0.09765269,0.02897784,1.16865758,0.37767961,-0.35745503,0.30970228,-0.80160267,1.71116435,-1.86806632,-0.22575573
-0.93256039,-0.36376325,1.12708749,-1.14158219,-3.17696996,1.36658738,-0.17339479,0.45676277,-1.67086971,0.45978447
-0.30386460,-2.72649820,-0.09924385,0.20813863,2.13462673,-0.54914310,-0.57776685,-0.70796567,-0.44218793,2.07779915
-0.71166295,-2.91586537,-0.09739950,-0.29245434,-1.27182958,-0.25732256,0.29344840,0.97706802,0.49292971,-1.39432238
-1.80336670,-1.64583281,-1.40094898,3.08041066,-1.03116217,-0.58370465,-1.13071494,-1.52026228,0.67300637,-1.59583585
1.28370104,-1.28464114,-0.94379130,1.20242675,-0.25170544,3.52254474,1.26640013,0.47182610,1.15532984,0.38284158
0.75275365,-0.32086490,-0.21911949,0.38251398,0.65145692,0.97846337,-0.06442426,0.44993885,-0.59284097,-1.57487306
0.40504009,2.04040104,-0.35113019,-0.51051946,-1.80157007,1.48729500,0.26858965,1.90662991,0.55569304,0.28799624
0.63829778,-1.22424551,-0.35600204,1.79088009,-1.56028210,-0.35170025,0.05688928,-1.15653242,1.28213674,-0.63890188
0.19056604,0.10855328,0.05527718,-1.28207125,0.71466047,-1.47315568,-2.22708901,-0.62187168,0.60345642,-1.39026107
1.41990548,0.00776134,-0.37553614,-0.96903176,-2.02362231,-1.71130829,-0.08843824,-0.10033382,-1.40912345,-0.13866023
-0.32182797,-1.32388182,-1.45251443,-0.39811387,0.67356291,2.59549126,-0.08563788,0.98592498,1.58251460,-1.42059315
0.95132539,-0.21065188,-0.55576256,0.00725491,0.25269739,1.25665880,-0.22454215,0.94616495,-0.01892084,-1.06173269
-1.58896256,-0.48988752,-1.36290110,1.77734143,-3.34810250,2.40359965,0.49596192,-0.44158410,-0.67257323,-0.56289636
2.02615221,-0.57418964,-0.86996661,0.65828889,-2.61536799,0.75050464,0.77150625,-0.08437295,-0.60024183,-1.60325671
-0.24934543,1.99244431,-0.86617521,-0.77303663,-1.26959906,1.75383962,1.04128540,2.25850146,-0.06676259,-1.02617664
-1.62901109,-0.42784126,0.02107549,-1.79462775,-2.86906577,2.36453526,0.43243182,0.34657174,-0.26102431,0.42632482
-0.54335353,-1.38356024,-0.40080875,0.74387824,0.10279439,-0.42068004,-0.19377150,-0.67094677,0.74112756,0.17326892
-0.24231040,0.01343644,-1.40128654,1.51324424,-0.18906453,2.09570038,0.81306189,0.54636160,-0.96544412,1.49266141
-0.13986778,-2.50659406,-1.50428980,-2.39376078,-0.51597960,-0.26749871,-0.55846047,1.31566901,0.22433477,-0.92773021
-1.44011495,-2.09160093,-0.95956204,1.20053842,0.04286934,0.34110742,0.12315274,2.46297761,0.70604390,0.79096051
0.22575530,-0.31140058,-0.90621618,-0.61522384,-1.17388789,3.67964793,1.53211583,0.30501431,-0.64174630,0.99595690
2.47546559,-1.82141924,2.07759116,-1.32494835,-0.95800887,1.07762010,2.33454621,0.46741356,2.67643785,-0.54209238
1.42812604,-2.04564980,-0.05633242,-1.59227042,0.36225130,-0.82415635,-0.44472171,-2.58058908,1.05961167,0.23592036
0.48764988,-1.20143850,1.87018742,0.69681831,-1.35920897,1.16158372,0.48741779,1.60778479,-0.18487773,-0.76954999
0.82532818,-0.48501148,-0.09483009,0.25924359,-2.86803844,0.73198117,-0.63226728,-0.62661843,-0.21910935,-0.65532267
1.46045982,-0.04594685,-3.76814681,-2.24211039,-2.03520013,0.64344663,0.12976870,-2.82595348,-1.57364034,-0.46976276
0.40149314,-2.80450159,-2.17397939,0.19496593,0.38158588,0.02613341,-1.78994996,-0.72724637,0.37353345,-0.77767002
2.54845842,0.69483252,-0.57631511,-1.69998651,0.08359228,-0.61147622,-1.79311692,0.50417226,-2.86696060,-1.10891426
-0.87621266,-1.27195607,-0.01770586,-0.55206605,0.76172327,1.26281697,0.36316952,-1.78676177,1.06044983,-1.78376581
0.09167069,-0.55788180,-1.83693679,-0.10907880,-2.06631727,2.54363258,0.91882782,0.19348823,0.72925871,-0.98721894
1.95860769,0.07215070,-2.23121273,-1.01684788,-0.14783675,1.67228332,0.12191972,0.35870981,-3.04814891,1.35581282
-0.02707627,-0.54480984,-0.15063660,1.30654422,-0.00982218,3.24648549,1.56459971,-0.90595478,0.51918930,1.16734251
0.61823039,-0.26255919,0.84494711,0.00280114,-0.75295887,1.24080624,0.97038748,-1.16106533,-0.14289234,-1.07048834
-1.40956435,-0.17410085,-0.31582471,-0.87466849,-2.38031380,-0.84384710,-0.78753613,-1.15505132,-1.27722817,0.09480887
4.17283933,-2.52256607,-1.42326011,-0.91584585,-0.37445483,-0.86911487,-0.79848154,2.27722400,1.34280056,0.85876731
0.09495557,-0.16682476,0.37670346,0.78980334,-0.65518196,-0.94781066,-1.10013946,1.15894823,-0.79003064,1.05956154
1.48472729,-2.67452208,-1.03088339,-1.21114925,-2.53893602,-0.05708871,-1.17428037,-0.44191677,-0.39873886,-0.49706819
1.40311239,-0.33460899,-3.04311167,2.80579573,-0.46099896,-0.44169621,0.44875094,0.65803513,-0.84458734,0.60745666
1.35651911,-0.03945175,-0.23257766,-0.57662380,-0.89731458,1.50785273,0.06890787,0.54177791,-2.15135570,-1.54313345
2.05133328,-0.37384538,0.09169145,0.17506300,0.05035329,-0.59795406,-0.66300322,-0.83799004,-1.94623706,-1.47307091
1.12430540,0.60636471,-1.41921934,1.19394045,-1.98480754,1.69592134,-0.88892729,-0.31537402,-1.54540706,0.11254664
0.50550970,-1.36790513,-0.57531026,-0.42453931,0.19663376,2.41544885,1.32550735,0.49861953,-0.85324811,-0.53212579
0.59309379,-0.55148392,-0.02005428,-1.34854772,-3.09854450,1.21173859,-0.14968251,2.57290467,-1.09129414,-0.02060360
-1.52299723,-1.42512804,-0.51343779,1.14306370,0.85465669,1.22279605,-0.46914158,-0.02966173,0.88162404,1.83007266
-0.47258193,0.89847852,-1.60864676,0.18969571,1.37654608,3.08723918,1.09670030,-0.92326452,-1.33098837,-2.03747260
-1.31694345,-1.56340624,0.00395258,-0.17191292,1.23918265,-0.47099453,0.61212656,2.14013551,0.00168446,1.00873624
-0.76205064,-0.44527188,-1.16479979,-1.29931226,-1.87844272,1.20675317,1.26998505,0.41998561,-0.96159483,0.65013171
0.07092501,-1.37199886,-0.37088532,1.02902994,-0.02943581,0.16364470,-2.25821611,0.08029163,1.72312167,-0.99963949
0.96648708,-0.06697690,0.09015611,0.52908184,2.04708211,1.23379468,-0.27048016,-0.84970653,-1.85790269,-1.47875981
1.06712204,0.98550163,0.78671757,0.08430836,-0.54791210,0.98567382,0.03114695,3.21486601,-1.80305159,-0.49829126
1.38331010,-0.98150538,-2.06874704,-0.16931724,1.56046133,-0.80012447,-0.82432082,-0.83837359,-0.11146665,1.10695551
-0.90551665,-1.76254014,-0.61748048,-0.61641615,0.53655824,1.37100952,0.20219404,2.39594642,1.79782635,-3.27622765
1.04651318,0.36415958,-0.57063507,-1.67123019,-0.71439668,2.05149138,0.20159182,2.79324455,-1.49864578,-0.02070903
0.21096322,-0.65328180,0.77069060,2.03152384,-0.90109665,-0.00934228,-1.41268732,1.72071384,-0.25480346,-1.47114307
1.65447088,-1.00977214,0.29711030,-1.40904030,0.41171674,-0.95606962,-0.73806702,-2.34004989,1.89050882,1.13582716
0.67149596,-1.69308841,-1.96263570,1.28056666,0.15116298,0.55959559,0.66469565,1.38911143,1.78818369,0.03696451
1.08399735,-1.51520418,-0.73204303,-0.56364383,0.10945785,-0.28974536,-0.44904691,-1.12877480,0.90734119,-0.21145128
-0.89954102,-0.31165606,0.13037723,-0.66886316,-2.31633424,-0.78268487,-0.70463099,0.68088679,-1.41240269,-0.31730249
-0.59895467,-1.18164077,-1.46657305,0.77545083,0.38478094,2.07981258,0.28531908,-0.45236542,-0.22299404,0.17569810
-0.65814968,-0.47706312,-0.19148839,-1.24159588,-2.45320180,-0.15392999,-1.61025345,-0.22785090,0.07269198,-0.91070997
-0.02694926,-0.05527018,-1.01340151,-0.04387042,-2.79707513,2.71129737,1.08611722,0.24691977,-1.04491684,0.29719903
1.54979278,0.14052477,-0.15742650,-0.68138871,-0.87851507,2.14577587,0.58952864,3.66934691,-0.83463962,0.35141353
-0.51714998,-1.75059751,-1.13401239,2.27959082,-0.57131972,0.39392744,-1.17403529,-3.25195678,1.96810982,-1.94008445
0.20496918,-1.14017731,-0.22960374,-1.34778655,-0.09251235,0.43623470,-0.85694107,2.08698884,-0.88800651,-0.93959500
2.38587227,-3.15305803,0.43585402,-0.29700841,-1.33957278,-0.63015402,-0.90493446,0.01262075,0.19500517,1.15725292
-1.14151410,-1.94760823,-0.01033114,-0.27000713,0.19764167,0.31264944,-0.52591922,0.16424690,0.11784974,-0.81625567
0.71393202,-0.32553142,0.95904141,1.61236123,-1.03405159,1.76692353,0.46381666,1.85791823,-0.41542970,-0.62099012
-0.35597125,0.60648693,-1.36324325,0.31644853,0.56508383,1.66429441,0.70313789,-0.55630374,-1.58481750,-0.64703057
-1.15825146,-0.34034034,-0.75728392,0.19159363,-1.69670653,0.83683093,0.25888464,0.24220209,-2.33384613,0.49593737
-1.88562891,-0.92640474,-1.17722837,-0.59704594,0.18628281,2.02173424,0.08394849,0.57410661,-0.80891253,0.48672414
-0.33935627,-1.90458725,-1.37613803,-0.26063089,1.09752149,0.96334730,-0.38275432,0.30886589,0.02862193,0.52656640
0.62059651,0.31681178,1.58510271,0.30445753,-2.88760830,1.67999283,0.53546416,-0.07465412,-2.10506722,-0.13071260
-0.01607564,-1.60481990,0.74832852,-0.97448320,2.04589302,-1.15809169,-0.43846098,0.06433476,0.43944515,1.47758761
1.10012997,-2.42605685,-0.86124473,-2.16110745,1.71429930,0.36643784,0.66819910,-0.53244495,0.76360311,0.92470102
-0.10665375,-1.45914464,-0.74928507,0.27342677,1.97375825,-0.63195954,-0.54622157,-1.28382951,0.82432445,0.98225838
0.33891978,1.20906014,-0.89609541,-1.18887768,-0.10983143,1.49432902,0.61452140,-1.01781041,-3.57140955,-1.32709670
1.35656196,-0.25803498,0.86262991,-0.35195434,-1.87765182,0.62047805,0.12420346,1.20412618,-2.78167162,0.13191089
-0.43064440,-3.21940708,-2.62459211,0.01042833,0.80509050,-0.02472287,-0.31691774,-1.95430950,1.00858738,0.89438729
-1.19724859,-1.55422564,1.29288203,-0.99257573,-0.86674818,0.48264155,-0.79765868,1.88615783,1.38805423,0.08222739
-0.69156411,-1.84323377,-1.57022600,-0.15589742,1.41962920,0.70550099,-0.09687143,-0.91125868,2.17190123,2.19731253
-0.23335287,-0.57791610,-0.17031232,-0.60209602,0.60044145,0.85759264,0.41348131,-0.64040314,-1.44539504,-0.53285436
0.24629464,0.94236907,-0.44463847,0.11882000,-2.34439303,1.62444217,0.87094994,-1.43409627,-1.70386701,0.66656002
1.32056259,0.28009016,-1.39746222,-0.00797239,-1.30149304,1.21076601,1.08438583,0.82386905,-1.38188905,-0.09649768
1.07181192,-3.71054267,-1.49392656,-0.93603388,-0.37018854,-0.39476636,-0.93554507,-0.91089676,1.65372626,-0.93798983
0.63800992,0.74108791,1.17973911,0.61167565,-0.41829437,3.20448576,0.07991766,1.41678167,-2.12809710,-1.01951142
-0.57889157,0.10757759,0.78128991,0.12587384,-0.74175972,0.16506744,-0.06567527,1.27363365,-0.67581418,-0.10144500
-0.60581591,-0.94066409,-1.73798316,1.73762284,-1.40208432,-0.70431582,-0.12481128,2.15272099,-0.01785101,0.88977782
-0.51859246,-0.99117960,-1.00097441,-0.75969852,-1.67547411,0.05042782,-1.95686601,-1.17305650,0.77336686,-0.31149235
-0.27406508,-0.32718734,0.75569333,0.07454520,-0.97555201,-0.59020766,-0.67538995,1.10419129,-0.20428665,0.01172298
-1.45301486,-0.51316368,-0.83194047,1.41102513,0.18651786,1.25961924,-0.54848995,-1.25046764,-2.30190150,0.77743735
-1.82025947,-0.10893380,-0.19835950,-0.40902998,-2.24713835,1.23322066,-1.23152864,1.12644734,-0.99717697,0.61235811
0.87816880,-1.18967592,0.72987272,-2.01102965,-0.41486699,0.51886194,-0.33754516,0.12525283,-0.30686914,0.39271715
0.08398239,-2.51696083,-1.72440277,0.47324718,0.60214258,-0.92553581,-0.64293071,1.26179660,-0.07115874,1.32388013
-1.10089064,-0.24250395,-0.77731775,-0.14653103,-2.84924361,0.63305039,-0.33765896,-2.18597772,-1.68683820,-0.48458389
-0.65187266,-0.69860178,-0.57204148,1.04299686,-0.79076228,1.32693335,0.04798984,-1.17368738,-0.31113891,-0.97195624
1.76329811,-1.53497535,-1.71640512,0.09190271,0.24608343,-0.09867718,-1.52686272,0.43452352,-0.23329663,-1.48510103
-1.04698842,-0.11224122,0.31631178,-0.88214893,-2.17826291,1.89092550,-0.06853880,-0.10406922,-1.23705950,-0.46539573
0.28781784,1.21360286,-1.52031202,0.63059051,-0.03047068,1.65590340,1.11413557,-0.25209132,-1.33802103,-0.27821324
0.60072289,-0.25270317,-1.80352198,-1.42776321,1.02829073,1.01623632,-1.70720593,-0.25009261,-1.60380136,1.41610269
2.10523034,0.79284042,-0.60674659,0.35956138,-1.70764505,1.65129681,1.31293945,-1.55779244,-1.38932674,0.00001696
1.35016946,-1.28224355,-0.17010408,-1.31050435,0.19369622,-1.48910246,0.23216125,-1.29171631,0.11869846,0.36297781
2.08668940,-1.52241925,-2.04165536,0.77063129,-0.08335436,-0.25831994,-0.98835700,-2.06916083,-0.40066907,-1.66707952
-0.28245421,-0.61347101,-2.22255716,0.91315766,-0.05509380,1.88994714,2.18237152,0.93635139,0.97043691,0.46762850
2.29988085,-1.78538653,0.25557218,-1.29377912,-0.46724679,-0.27127098,-1.02899723,-1.31231384,2.38053560,-0.28160964
-0.14451902,-2.10500735,1.40057059,-1.56296115,-1.17494155,-0.47836892,-0.28404390,0.86839577,1.24353734,-0.45135032
0.41366384,-1.26687321,0.32374639,-1.51181902,-0.91873373,-0.53443675,-1.33057521,2.82968753,-0.52915155,-1.12908378
-0.26638635,-0.82299188,-0.70082553,-1.46370907,-0.16664660,-0.24959786,-2.86391739,2.20792921,-0.75516408,0.14545665
0.65385982,1.39868439,-0.71982642,1.69990513,-2.52603600,-1.20049131,-1.05610485,-0.04592767,-2.40753030,0.03962419
1.36246662,-1.04356909,0.73988672,-2.41021551,2.45850005,0.88602651,-0.26036517,0.29690056,1.00362490,1.65956567
-0.25039409,-0.08726791,-1.77701817,3.27824058,-2.59863752,1.15970911,0.30558158,-2.21866888,-1.09066490,0.17709200
-0.94140860,-4.58625955,-0.44188510,-3.35271612,-0.57739429,0.34862387,0.28731347,-0.03224622,0.93755874,-1.02813461
1.78235652,0.18839944,-0.81802229,-1.48908131,-1.30474735,3.24637078,2.59442625,-0.16331052,-1.36522016,-1.01586929
-2.46928401,-1.46236789,-0.73228221,2.79554137,-0.48483049,0.13519988,-0.30202909,-3.28008733,0.82371680,-1.53049013
1.27984299,-1.20385648,-0.76265319,-0.25272775,0.62597048,0.61996769,-0.91105460,-2.99684122,0.38769799,1.15730043
-0.63262756,-0.74391167,0.02051251,-1.62608017,1.75302396,-1.08765437,-0.29337638,-0.54521404,0.03313595,1.42210117
-0.03403532,0.75655876,-0.09130846,-0.48604431,-2.44206008,1.46721656,0.20016605,-2.64181839,-1.88742197,0.75604860
-1.00265202,0.47440920,0.65336623,1.58583883,-1.74488698,-2.12030634,-2.02062865,-0.56742516,0.50961891,-0.77024354
0.79242052,-0.53467022,-0.54564027,0.31129408,-1.00916223,-1.80412225,-1.03809151,-1.20030738,-0.72374450,-0.08933238
-0.02369500,-0.47639081,-0.80122888,-1.07222749,-1.18938566,-0.64265211,0.10749880,2.45059350,0.03015273,0.28424464
-0.96188352,-0.90599463,0.38679549,-1.64318950,-0.19932385,0.20073197,0.77366428,-2.58357394,0.63848829,-0.32795857
1.83810031,0.45427809,-1.31882585,0.06393037,-1.10145741,1.37783781,0.80712817,0.70759712,-1.20650008,-0.30833425
0.99161146,3.06282317,0.22757350,-0.68520201,-1.26830959,1.54776918,-0.85480732,-0.14516263,-0.08917566,-0.28724711
1.53211486,-2.12739356,-0.69175315,-0.89475316,1.44342443,2.82016315,0.25417001,0.72910581,0.36720709,-0.35154006
0.81426626,-2.51641215,-1.81037271,-1.64591467,0.44319858,0.38442775,-0.48028703,-0.13924918,-0.47504122,0.46227697
0.50040038,0.60775579,-1.19664602,1.10429766,-2.33438115,-1.58333600,-0.83775378,-0.85660177,-0.59291425,0.36570575
0.26432378,-2.87641537,-1.02958058,-2.91621939,-0.09014393,-0.16622556,-1.78067258,0.77062157,0.28534878,-0.69717611
1.96115039,-1.33617493,-2.21737346,3.55545979,-2.16802044,0.53547565,0.27607719,0.57912674,2.41520534,-1.30595652
0.33161462,-0.26550351,-0.68477866,-1.60498160,-0.03995933,1.22612346,0.28844186,0.63001476,-1.47186524,3.51557431
0.53614621,-0.36288518,0.53528129,-1.15925897,-3.38005702,0.17811325,-0.74488861,0.85062953,0.32541125,1.13008208
0.55671645,0.07317363,0.57262747,-0.23387223,-1.07576035,-0.68328556,-1.30654683,1.85200845,-0.69849083,-0.56524773
-0.32252684,2.40432606,-0.11748575,2.44081496,-0.52967203,2.82676458,0.51820212,-1.90889175,0.32482278,-1.21387902
-1.58158146,-1.05155833,-1.05510140,-0.85439550,-1.52351513,0.13762837,-0.62799996,-1.36171836,1.30195316,-0.05930263
0.31261766,-0.39847785,-0.56038300,0.63532885,-1.23722966,-0.85763277,-0.99319180,-2.46301489,0.82656808,-1.67474155
0.92539936,-0.67418147,0.82259435,-1.15383718,-1.93594991,-0.24737819,-0.23183020,-1.98218465,0.47134816,0.22473479
2.04842737,0.10483379,-0.84208960,1.05384119,-1.02947271,3.57442133,0.43490221,-0.64367452,-1.80564586,0.80663269
1.46712508,-0.28336319,-0.55391971,-1.30559577,-1.67595457,0.36385667,0.19635549,2.01026350,-2.29705195,1.46855113
0.00997264,0.31062054,-0.95508196,0.84504735,1.48458253,2.08072849,0.09570178,0.28874993,-3.08208434,-1.79509999
1.89459938,0.28960832,-0.57150644,-1.81927701,-2.88487635,1.65719396,1.63339865,1.44195246,-1.34666291,0.25675308
0.98210552,-0.79614174,0.44382933,-0.11343621,-2.46087577,0.93268032,-0.08491347,-2.52555245,0.28859528,0.26546266
-0.86435633,0.36377891,-1.06233185,-1.35610590,-2.83640505,2.99241062,0.97537582,-0.14611860,-1.38681652,1.00050822
-0.23948628,-0.21553160,-0.40084996,-0.87593252,-1.31357591,0.78183328,-1.74685470,-0.41741324,-0.41266399,2.50396389
0.49241452,-0.31531794,1.31287447,0.64040094,-0.85734227,1.59353898,-0.12000373,0.01175362,0.48522960,-0.16786750
0.76247327,-0.31021961,1.46660897,0.45184804,-3.38345180,-0.09278904,0.70797167,0.20393373,-0.41898320,-0.14613820
-1.36977320,2.43142224,-0.18929804,-0.44229355,1.31171907,0.00430896,-1.20592082,-0.71918134,-0.56087567,0.89436069
2.03956802,-1.33803327,-0.06781169,-0.11628131,-2.15677078,1.74082169,0.37617115,-0.00066009,0.13470041,0.06072226
0.38196769,-1.71501049,1.00740077,-0.78701976,-1.25129020,-0.06308767,-0.16622004,0.15269821,0.96765334,-0.26569640
0.56331306,0.34558970,0.69845677,0.89247252,-0.59951432,2.08854028,0.20627687,-1.35044188,-1.92791053,-1.54880191
0.42627286,1.28217886,-1.51184726,0.02889532,-2.53092169,1.57769384,0.19065252,1.15717539,-3.04336223,-0.46075056
-1.76782572,-1.64242652,-0.18060867,0.77324486,0.29272306,0.70006420,0.29047165,-1.04035634,-0.14318514,-0.24675341
0.14355637,-0.00122644,-0.73361899,-2.16595618,-0.97666175,-0.92901569,0.24448966,-1.16670181,-1.84196076,-0.89596918
0.52594520,-1.27014086,-1.66908735,1.43573220,2.38784115,0.63910554,1.43248954,1.67797277,0.14135681,1.91412941
-0.87226084,-1.59642256,-0.62305043,-0.15217569,0.02648784,0.88605334,0.28955365,2.26517972,2.17391560,0.38914037
0.93887903,-2.01197569,-1.01593197,1.18137729,-0.59369912,-0.19598259,-0.14796004,0.55671895,1.78315632,0.27005741
-0.58746848,0.08240304,-1.80821824,0.54993759,-1.50769558,2.12246832,0.83821182,1.57925038,-0.62216171,0.75654066
-1.09793426,-1.16237081,0.92380476,1.10054992,-1.30789106,0.48024589,0.82002751,-0.60394448,0.29604562,-0.38255061
-0.58682721,0.02421326,-1.06570082,-0.19261756,-0.16127677,1.06463136,-0.99652181,0.38476738,-0.70072159,-0.45448754
1.66705697,-2.09549113,-0.59104868,0.12986088,0.83463684,-1.48549968,-0.92247145,1.44969354,1.24535506,-0.40442378
1.59943765,-2.69822392,-0.17333311,-0.86620498,-0.67771005,0.70660497,-1.86182756,-2.48432810,1.19453555,-0.18456715
1.86823778,0.09689200,1.12607874,-3.13020992,0.21106426,1.91141876,0.52177913,0.59867321,0.25687664,1.74654735
-0.36639963,-0.40485596,-1.75112604,-0.05606657,0.18578867,1.30309073,-2.06393567,0.09982954,-1.21494020,0.82071321
-0.19142702,-1.55522697,0.37887132,-0.20914330,-1.55981372,-0.98193960,-0.82819380,1.02274512,3.27402145,0.41005553
0.84077690,-0.62084064,0.44589651,-2.16749778,-2.52468668,1.45337801,-0.93744929,0.25030280,-2.05162487,0.37472965
0.27543823,-1.10300321,-3.15469710,4.10109966,0.98213744,0.75848436,-0.53094152,0.08661266,0.00731310,0.05001035
1.99853142,-3.12199258,-0.83241985,-0.36957113,-0.66973216,-2.30225677,-0.67069285,-0.04270938,3.12990462,-1.06620389
-0.20157306,0.54384066,-0.38941535,-0.38292429,-0.38246512,2.28465753,0.22398280,-3.29974534,-0.21707462,-0.24654809
-2.06212983,-0.63621629,-0.65000238,0.90278857,0.73016102,2.49195090,0.73895887,-0.79359204,1.09055370,1.10688612
1.17930181,-0.25927925,-0.08804845,-0.87165982,-2.31850718,0.20268048,-0.49089507,1.14773030,-0.62046993,0.21269178
-0.34023389,-1.21613392,-2.37300568,1.63605337,-0.63721838,2.41229119,0.54183841,1.05617421,1.02863282,0.42310260
-2.51936734,0.94518102,-2.29746380,-0.78461044,-1.11410209,3.61106538,2.98767961,1.00023522,-2.30524229,0.11365831
1.27072958,-0.64487338,-0.53434442,0.16275205,-1.85133267,2.51387586,0.04572856,-0.15194612,1.49650205,0.67853583
0.34515109,-1.53941518,0.80798534,0.72158528,-2.79018300,-1.85623933,0.02057422,0.89627536,-0.37769403,-1.55598202
-1.82794277,0.28965463,0.17767724,-1.58416310,-2.65367622,2.23756284,0.41635846,-2.31736574,-2.23581109,0.27079790
-1.24098061,-0.35019319,-1.78852579,1.99349023,-1.99596254,1.26384284,-1.86870728,0.68173864,-1.19590578,0.24326311
-0.93181189,-1.37229150,-2.63945859,2.24299593,-1.28353098,0.24083722,0.22059337,0.66117545,-1.13136087,-0.35219559
0.35257588,-1.29814258,-0.90592045,1.84086491,1.28828797,2.45202906,-0.36537767,0.55583212,-0.79915716,1.29337476
-0.18187822,-0.32721139,-0.71656519,0.11319449,-1.17066875,0.90163011,1.66546855,-0.54996625,-0.86548997,-0.31038864
-0.22043459,0.66375586,-0.29585261,-0.39349862,-0.68745733,-1.22983211,-0.84368678,-1.05294182,-2.16725593,1.59851916
-0.99154986,-0.93285270,-0.49594034,0.54764205,-2.42021985,0.66134444,0.50061453,-0.79950627,1.65013562,0.72184707
-0.85066284,-0.41500483,-0.88662611,-0.51545893,1.67582660,2.01323087,0.52808373,0.08976606,0.80020158,-1.75640277
-0.91218541,-0.60433250,-0.29581255,-3.56337686,-0.37398367,2.32465006,0.30120836,1.89184155,1.28790512,-0.18014885
0.50268520,-0.76975474,0.50769867,1.32879306,-0.70317760,-0.26555808,-0.21638112,-0.16186956,1.11838934,-1.45290453
-2.35676734,-0.88247321,-1.37020387,-0.50897891,0.48828243,2.42824254,0.98475672,-0.63733977,-2.00766072,1.09602114
-0.32868023,-1.14467594,-0.76182163,0.96166414,0.22167266,0.00104341,-0.13205779,-1.54711919,-1.03134329,0.43433693
0.38267695,1.73271520,0.09980383,1.88061746,-1.93212121,2.11243386,1.76556262,1.52749881,-1.45245219,-0.16156360
0.25853477,-1.59069877,-1.08899318,1.11244438,-2.85471980,-0.76637728,-1.32318900,-1.47744113,0.80620614,-1.07065201
-0.82314197,-2.00370672,-0.62640142,0.66409152,0.97873893,0.37770906,0.28335988,0.60972930,1.07817622,0.69408395
-0.21901446,-0.13404202,0.41928877,1.32238773,-1.19740213,0.11805259,-1.41708838,0.35580659,-0.26714827,-1.30663577
0.76303224,0.12042947,0.66699419,-0.59412438,-0.99476585,1.43847209,0.05404593,0.80212611,-2.23923179,-0.58028517
1.69469056,-0.02222980,-0.10456861,0.33453835,-1.61670606,2.20492552,-0.34005287,0.52293764,-0.66108723,0.67596903
1.19534333,0.06738895,0.03572167,-2.08011952,-2.59666333,-0.45630252,-0.38017001,-0.02113967,-1.50551772,1.08260864
-1.15978016,1.11889996,0.46402526,0.23486991,0.07191298,1.85252812,0.35654205,1.59319737,-4.36767256,-2.35315550
-0.91654904,-1.87844325,0.01922818,0.98446931,-0.09362167,0.24741648,-0.72945651,1.48363955,0.67755637,-1.17742332
1.25930642,-0.48302605,-0.02886021,-1.23639258,-2.90019384,-0.65080148,-0.93821180,0.88044711,0.36706458,0.03979712
0.04774966,-0.89901463,-0.36175704,0.46010876,1.69163652,-1.56729178,-0.72255195,-0.79060522,0.81148100,-2.12122828
-1.37051592,-0.32833092,0.33456036,1.88207184,-2.22043015,1.00170873,0.57023870,2.00317772,-1.16367110,-0.54388530
-0.27630213,-0.61884181,-1.28130836,0.63134544,-2.32537504,-0.40284211,-1.16510140,-2.45611047,-1.03577299,0.31937500
0.81098682,-2.31916816,-2.50681512,-0.57960434,0.99299087,-0.52683460,-0.71998603,-0.46471262,1.68369913,0.26239338
-0.21864955,-0.95130167,0.00037537,-0.99213364,0.71305530,2.32438726,0.79015731,2.01738219,0.23517175,0.22025193
-0.90599083,-1.42336251,0.69062678,0.50486145,-0.86448139,0.20560759,0.52963761,-0.05435453,0.48191359,-0.42110217
-0.06831666,-1.23350556,-1.78260596,1.80805840,0.97744151,0.67834676,-0.44372702,0.09556014,1.36104793,0.92734045
-1.87828924,-0.96692893,-0.41864878,0.90239208,2.23151546,2.14015510,0.05323710,0.19776492,0.22415590,1.67159817
-0.93738309,-1.28458688,-0.17352633,0.85529613,1.15427925,0.92668659,-2.52589680,-2.60049962,-0.04590756,0.48289010
0.52976085,0.25603928,-1.45190688,1.00932469,0.13428195,1.99829589,0.00935356,-1.57898051,-2.66579346,-0.43761805
-1.31915383,-1.81821550,-1.16740068,0.18844207,1.56321485,-0.53746568,-1.50789709,-0.41826347,1.93170587,0.56783629
1.89002741,-0.86945151,-0.88926044,1.97871676,2.23891871,2.52497352,1.14752988,-1.19518233,0.34018270,1.88328401
0.66789908,-0.37727250,-1.77985797,2.05172083,-2.10962829,0.94081940,-1.33122377,-0.31122682,0.18800631,-0.30071068
-0.24109235,-0.06436630,-1.95780656,1.33993494,-2.60056117,-0.78643252,-0.89269676,-2.17671493,-0.94737464,0.68066689
0.20025967,0.15019480,-0.12942082,-1.41823398,-1.07934905,1.54580888,0.31891298,-0.61900707,-1.42572342,1.15193199
-0.06247983,0.46927177,-0.55846160,-0.99732157,-0.48194582,0.94939325,-0.25385490,-0.39696858,-2.41709711,-0.68273305
-0.70588975,-1.43937445,0.49731355,0.75457747,0.75536620,0.99560358,0.91653057,-2.06247278,1.18182074,-2.05787975
2.27723347,-2.59965072,-0.23497322,-2.17552274,0.62964342,0.55476189,-0.36323476,-1.08842985,0.52471636,-0.34885959
-0.33822370,-1.12271605,-1.07872525,0.56596067,0.71973440,-0.10180609,-0.80517312,-2.19877528,-0.37057679,0.02949846
-0.02678094,1.54080990,-0.78306448,-1.30732547,-0.50382396,-1.35253820,-1.26513259,-1.05510334,-1.23210301,1.51876164
-0.59096415,-1.37955210,-0.72101350,1.31354220,0.11160164,1.03166250,0.48857822,-1.37853381,0.24806902,0.07903301
1.20190339,-2.18529052,1.91387819,-0.76502022,-2.37321447,1.27116565,-1.29569519,-3.13380259,0.18716904,-0.90322856
-0.64322841,-1.63246613,-1.72925598,2.09936919,-2.13352748,-1.04028663,-0.96829380,-0.14132401,-0.35430028,-0.67388312
0.83316598,-1.60369754,0.10531980,-2.61083291,-1.56438806,-0.40676063,-0.28317313,-0.09984003,1.21821780,-0.57137896
-0.09667682,0.48887446,0.38763897,-1.52341494,0.14089764,0.97133837,0.15401513,-1.12385783,-0.28129983,-0.22119043
1.36394151,0.64086798,-0.66699174,0.64938517,-1.68493575,0.57365905,-0.52171227,0.65556191,-0.62795897,-0.68937009
1.54371982,-1.18216963,-0.22797403,0.46984130,-0.81072036,-0.86675774,-0.54529897,-1.76405733,1.44599356,-0.04509079
-2.24546889,-2.46705720,-1.14535502,0.10791362,-0.41072550,0.67554209,-0.61317527,-0.47101405,1.38898463,1.11701759
1.32278211,0.21120916,-1.03846740,-0.95437397,-1.91907264,1.69022559,0.68218200,0.61273715,-1.63225435,-0.47903071
1.35106975,-1.69465437,-0.44401100,2.15047109,1.61132431,2.03717587,-0.09976677,0.28907886,2.27241087,0.67390527
1.08986757,-1.49442068,-0.67355191,0.94714886,-0.71311259,0.44754734,-0.16761446,-0.76142023,0.14660712,-0.46309381
-1.07408057,-1.70689990,0.04777619,-1.10516251,1.32231029,0.78636125,-0.16477403,0.10856801,1.27379040,0.65845108
1.74660741,-2.35289366,0.53238216,-0.40938685,-1.95272710,-0.53399783,-0.77660806,-1.17713067,-1.15505883,0.34085028
-0.50714037,0.65566639,-1.39015614,-0.02085268,-1.75445873,1.88585850,-0.82702231,-1.70109415,-2.29402346,0.88906906
-0.12733625,-0.65643893,-1.95611938,0.14547253,1.06562288,1.38689714,-0.46132012,-0.21946958,-1.51908894,0.74049038
-0.18004657,-0.51916516,1.01361895,-0.85579615,-0.59403021,3.40144685,0.43534472,-1.13636416,1.09727928,0.76302469
-1.09065537,-0.39841197,0.19301824,-0.54764841,1.59458442,-0.30155189,-0.22412297,0.22143874,-1.27864285,2.18252550
0.30916403,-2.27977094,-0.50904309,-0.65086308,-0.76558145,1.43684499,0.06225321,1.20682462,-0.22209348,-1.21667599
-0.04291916,-2.25984610,-0.53650432,1.73622145,0.51607330,0.02018112,-0.19512182,0.46047616,0.34960152,0.27079467
0.44494598,-0.25909040,0.51256248,-0.36748133,-2.75125715,2.53895772,1.07033071,-1.44568546,-0.31900108,-0.43995036
-0.08323420,-2.08698731,-0.92624597,0.99560047,-0.22067491,1.24772374,0.46961892,0.64921041,1.33282102,-2.25818975
-2.14228927,-0.47098259,-0.78457957,0.82173068,1.78590800,-0.27343145,-1.60683622,-0.51231920,-0.10266560,1.26434606
0.80145061,0.83424482,0.77149237,-0.44370372,-0.24753239,0.89287533,0.42769927,2.11020405,-2.45154712,-0.73745732
-0.05211237,1.15276478,-1.51145374,0.91957125,0.54134588,0.99489921,0.58672706,-0.44508703,-1.82505393,-0.16832441
-0.94619621,-1.40425493,-0.62580285,-0.22736078,-0.60766266,0.65602736,0.81867855,1.82547012,1.69982356,0.13933618
-0.33004024,0.67458862,-0.36206417,2.82896043,-1.23059051,-0.47719578,-1.94728855,-2.13035369,-2.21825225,0.40536724
1.36046232,0.94219685,-2.66269292,-1.86761716,1.90213878,1.19489953,0.70988319,-0.19565622,-3.22986794,2.11662685
1.87535641,-2.53383933,-1.27392225,0.26090557,1.59203327,1.15397280,0.80775996,-0.22596310,1.17629967,1.68621093
1.63505421,-0.93152082,-1.61354411,0.70185205,0.10914832,-1.93873343,-1.04252326,0.10789965,1.50303214,-1.63743526
-1.52276880,-1.34246769,0.40866630,-1.22721449,-1.84006482,0.24673130,-0.68639364,2.04647288,-1.55879705,0.43808779
1.55979521,-3.51853527,-0.75957623,1.05741497,-1.72906090,-0.20133177,-3.18868261,-0.55777645,1.41600335,2.48362155
-0.30383843,-1.62627438,-1.17969727,1.23288801,0.17127578,0.93233579,-0.80834375,0.15488549,2.07204896,1.11971402
0.15515284,0.03333971,-1.39717138,-1.42411384,-2.48628996,1.63625480,-1.55351591,0.04096221,-2.41288027,-0.12545751
0.98458265,-0.66341901,-0.95680793,2.69513682,-0.85275729,2.99810019,0.42076511,-2.20180572,0.17457132,1.27927645
0.42293757,-2.64465259,0.42624304,-0.94615928,-0.08265416,0.70049464,0.28454030,-1.59354772,0.65439606,0.78972383
-0.12351862,-2.40367619,-3.18021756,1.39581207,-2.85306688,2.08039006,1.07485214,0.68776386,0.39857281,-0.91604615
0.38039480,2.05683331,0.10551963,0.11160457,0.02956652,1.87172616,1.33492276,-0.22973872,-1.34892656,0.56367930
-0.32872195,-3.31790104,0.03451760,-2.67209137,-2.26608950,-0.06009978,0.42344631,-0.59860033,0.51933569,0.01607154
-1.21490880,-0.94632398,-0.72417654,-0.16288669,-0.21892627,0.84356264,-0.97626065,1.93969670,1.36224543,0.42110562
-1.36014566,-2.40520193,0.37542456,-0.87754781,0.82603692,0.70932652,-0.00017580,0.55611113,0.62398434,0.33730558
0.17963745,-2.89515812,0.09883516,-0.50776731,-0.62253722,1.01142318,0.16562641,-0.92369724,1.34577355,-0.13474334
0.04614103,-0.35879263,-1.20056184,0.28500532,-0.81168110,1.98304733,0.90858560,-0.09921347,-1.65878902,0.07629073
0.04618933,-1.47281491,-0.49378891,0.12633167,2.45973729,1.15415491,1.01919153,1.03654670,1.02278164,2.13659648
1.49831390,-0.24039428,0.55638354,1.46744815,0.48996873,-0.97136614,-1.40327732,2.03044858,0.01719358,-1.89141017
1.00942732,0.01521628,-1.59092896,0.85468322,-1.74277857,1.27339970,-0.17923099,0.78042675,-1.24209093,0.89630268
1.95844245,0.52514731,1.33710790,-2.76150736,-3.43785483,1.00793528,0.39445430,-2.94067576,-0.22999193,0.62897389
0.91937929,0.12878085,-2.23300700,3.44784008,0.74849594,-0.68208224,0.82973043,0.45121649,0.16233825,-1.23884893
1.53560178,-1.31636188,-0.54113893,0.01820686,1.07662130,1.70172521,-0.20522601,1.86232671,-0.28298343,-0.04834425
1.34488633,-1.82186883,-0.67505080,0.37695734,1.62971428,1.43890571,0.73595728,1.84924010,0.15770083,0.34288281
