-0.85636550,-0.00017054,-0.10114311,-0.40755674,-4.18801960,-1.11782441,-1.21679101,-0.13400948,-1.45727922,0.09213581
-1.25982778,-0.89092136,1.76923529,1.55353091,-0.20939280,-0.47421982,-0.84021271,-0.00373527,1.47369990,-0.06351697
-1.81441607,0.41131551,1.44614441,2.36488993,0.22804514,0.88261323,-1.41211661,3.12678326,-0.35433958,-0.20540823
-1.11150856,-1.23107416,-1.07675392,2.35760687,1.58678857,-0.59451560,-1.09971484,-0.76165338,0.01407878,1.32477928
-0.12759690,-1.89744543,-0.06208622,-0.99025721,0.07913953,2.50894417,0.54278145,1.72008440,-0.11294961,-0.21592677
1.22983681,-1.72085690,-1.86795973,2.38139405,-0.14579952,-0.17532991,-0.32420414,-0.08228441,0.39493555,-1.70916831
-0.22644248,-0.51442838,1.55067290,0.42344548,1.40480469,1.28073851,1.27047821,-0.35153157,-2.33004474,1.08176476
0.20024493,-0.66673464,-1.60661990,0.75205311,-2.36331053,1.38633505,-0.22307035,1.35473930,-1.24814909,-0.09807406
-1.09694042,-1.30512171,0.77791005,-0.74106417,0.44665247,0.06379901,0.35000835,-1.19519295,0.59864110,0.80769456
0.43382729,-1.97044501,0.58336991,-1.61699690,-0.08899093,-0.23995835,-0.45121953,-3.28202565,0.63225087,-1.58641120
0.65353105,-0.86971595,-0.44669615,0.14488205,1.80653590,1.86009093,0.09607932,0.26563136,0.20421817,1.50153786
-0.44114796,-0.84350614,-0.97562427,-0.60607833,-1.39279071,1.24838103,-0.22407237,2.25038336,0.76796309,-0.27977586
0.86171916,-0.36440378,-0.99795752,-0.64312349,-0.95449436,0.53641222,1.41178909,-1.76819545,-1.51466272,1.07919608
0.44591899,-0.57672441,-0.38000498,-0.78526359,-3.30043792,1.65227791,1.13354532,1.21648494,-0.78022078,-0.18458842
-1.06551431,-1.66703031,-0.37533782,1.50627931,0.63660537,0.85452795,-0.40114883,1.26774200,1.20553416,0.31778149
-0.23605795,-0.09198649,0.40145441,-0.74742771,-2.80563242,1.88285047,1.23772266,-1.08653875,-1.46815250,0.18224797
-0.71689398,-2.23523692,-0.15023649,-1.70771457,-1.52223744,0.92038486,-0.21858597,-1.69104629,1.57605293,-1.41797569
-0.82109280,-2.37242765,-0.72002484,-0.60991451,-0.29280091,0.43043493,-0.05248106,1.67096028,-0.91633843,-0.51951302
-0.24742937,-1.84062649,0.29491381,1.14836909,-1.14370489,-0.07465915,-0.28751636,0.23096917,0.42365014,0.87593959
1.17608380,0.96954804,-0.83376607,-0.71352043,0.76468321,1.86531201,-0.11810340,0.80281383,-1.94779101,-0.70297585
-1.47977128,-1.91868976,-0.40996869,1.63209521,0.89977587,1.01241147,0.15019440,3.21879700,1.93055293,0.35844621
0.41823402,-0.79521559,-0.21244681,0.72873290,-0.16801303,0.10494548,-0.05048355,-1.03422020,-0.40069264,-0.90442782
0.44797155,1.22867274,-2.17665502,-1.53327057,-2.09264739,3.14684054,0.26860929,-2.90128705,-0.34153061,0.10790413
0.30190133,-0.24654781,-1.01330980,-0.98691775,-1.47010516,0.00436952,0.06526672,2.47346448,-0.87918262,-0.59124414
0.11169359,-0.40588795,-1.54802272,-0.21884230,-1.42886445,-0.08292009,-0.51115344,-2.21715734,-2.19572893,1.59068604
-0.10909197,-0.85498577,-1.65666184,2.51738038,0.85228882,-1.14062587,-1.03554104,0.39161503,-0.29019261,-1.08699751
1.77390043,-1.92468189,0.06330398,-2.53938334,-0.68294494,1.69033458,0.21104078,-1.17506869,1.29861395,-0.86101163
1.13293779,-3.90600531,-1.33274257,0.47540943,0.80332143,0.54056951,-1.09823175,1.32840918,0.69440854,-1.81010558
-1.17139865,-0.76392565,-0.89612074,0.37097996,0.15764632,1.83271531,0.26448284,-0.42363448,1.43151452,0.36390395
-0.05919682,0.93991424,0.35220770,-0.91427086,0.00495445,2.24545208,0.19884435,-0.98999254,-1.71851672,1.54424463
0.10861946,-0.60872484,-2.68127000,3.71828340,-1.48693725,3.56967848,0.70811443,-0.18700274,-2.31857887,-0.11532097
0.81683563,-1.15008613,1.05518327,-1.26228615,-0.12978574,1.14327252,0.90412395,0.19543227,-0.32816948,-0.79757144
1.92943217,0.06365003,-0.46852544,0.59333390,0.96609248,-1.54823112,-1.87100157,1.90315993,-1.09199502,0.99455882
0.03206860,-1.07345901,-0.14127773,-1.46682194,0.90542442,0.38399728,-0.09861969,1.79025767,-0.83227472,-0.13663786
-0.27089759,-2.43362489,0.76894008,-1.93319583,1.50428284,0.81243929,0.24576889,0.56722677,0.91159694,0.17414616
0.65601262,-1.50111835,0.16359288,-0.56822890,-3.05317243,0.53969052,-1.23575152,0.60778395,0.04833080,-0.83002759
0.15978061,1.69250788,-1.11639240,0.42467190,0.67671242,4.48737437,1.56447218,1.09106036,-1.16496818,-1.47322382
-0.57627523,0.51895365,-0.20474246,1.22476992,-2.81776233,2.17494864,0.19661588,-1.19774941,-1.67219354,0.59907505
-0.91624221,-0.03516281,0.07216198,-0.34131403,-1.45388536,-0.71735844,-0.84588497,-2.49224318,-1.61368500,0.42891212
-0.37519928,-0.36337842,0.45014363,-0.02632346,-1.25376258,1.93147943,0.43443433,0.13904040,-0.86290514,-0.33083890
0.79884445,-1.89023321,-1.39606370,2.84304628,-1.05234295,1.70095490,2.02893565,-0.65263176,-1.39839597,-1.20720846
0.17957370,-0.24199627,0.00943194,-1.04044813,-3.73573423,-1.08694479,-0.40591478,-1.61970034,-0.94202087,-0.18172156
-0.10036246,-1.48561961,0.13430335,0.34566967,-1.05915159,-0.07765578,-0.52579266,0.43561355,-0.41375588,-1.08354230
-1.31818422,0.18852884,-0.44170932,-0.50811085,-0.31518008,2.19571136,0.81573100,-2.10518025,-0.65421504,-0.70964929
1.63455393,0.10207362,-0.32186771,0.83735894,-0.53022717,-1.34541351,-0.81755137,1.94551531,-1.35008484,-1.00131860
3.05424305,0.26863397,-0.42561772,-1.02075154,-1.29023068,2.16970302,0.91844656,1.26984401,-1.75138160,-0.29049679
-0.54397012,-2.73388807,-0.94639331,-0.58585705,-1.32081006,-0.15990725,-0.98829975,0.48795435,-1.71625062,0.33667735
0.11866943,-1.31191111,0.40266494,-2.07025957,-2.00860706,4.52918228,1.06652125,0.54774260,1.84940963,-0.21117295
-0.98620547,0.19730172,-0.28939178,-0.29415436,-0.61375164,0.61486681,0.17516826,-1.13032730,-0.27424812,1.21121791
0.28689557,-0.79115702,-0.57541115,0.71258426,-1.21359663,-1.32550771,-1.61333776,-2.72964787,1.55263047,-0.62799622
-0.51647156,-1.15245064,-0.63368190,0.43526119,0.95508175,2.12037047,1.21722190,-2.49906065,-0.50673999,0.43855063
-0.68143882,-0.14705465,-0.08720813,1.58027090,-2.29285215,-0.52557840,-0.98244848,-0.61213128,-1.71661667,-0.15880845
-0.42074125,-1.85880647,-0.71979205,-0.27350021,-2.02110996,0.05804852,-1.00577872,-1.00943528,1.21530955,-1.45406476
0.24422067,-1.93548669,0.86789927,0.98925316,2.71027634,-0.53578918,-0.23566699,0.24117424,1.52860882,1.52966263
-0.43460707,-1.04677490,-0.33484294,-2.34361880,-2.44913105,-0.06994110,0.38988144,-1.26713878,-1.04687387,-0.40933696
1.17029422,-0.92695749,-1.99165142,1.50745017,-2.58530554,2.36118007,1.07339810,-0.05114550,0.62408869,-1.71129184
-0.74655016,-0.04008742,-1.31556979,0.43698537,-0.93900272,1.76877569,-0.41988713,0.72920551,-1.90963844,0.20095401
0.58890907,-1.94174558,-0.56993110,-0.54155379,0.16510082,0.75206561,-0.15646685,0.14245626,2.18012005,-0.19820858
-1.35941702,0.67709553,-0.69907376,0.16282737,2.03961189,-1.20934829,0.16829684,2.58080366,-1.93925276,2.17573234
-0.08780077,-0.01166078,0.37484326,0.60128102,-3.99482748,2.83502496,1.25944385,-2.22742788,-1.12369904,0.43197851
0.38417402,-0.57103793,0.03450129,0.25922316,-1.14661009,2.13013335,-0.00974249,1.17657011,-1.52521783,0.09826551
0.50549163,0.62290962,0.44512180,-1.44107765,-1.08284973,2.01667749,0.88140257,-0.66596427,0.31532262,0.54955706
-0.47084118,-1.67622194,-0.01197803,-0.86217376,1.86344471,0.47978310,-0.81693231,-3.15823238,1.91746686,0.75707290
0.50147252,-2.16952933,-0.60750990,1.27233525,0.29922217,0.79173974,-1.32644687,-0.89519327,0.76824813,0.79099757
1.51685077,-0.91338009,1.05848062,-0.31280647,-1.43782861,1.18332168,-0.25041514,0.05047450,0.97430008,-0.53278488
2.60514200,-0.89202769,0.18850460,-0.96346581,-0.83632975,1.34812748,1.74975520,-1.23448453,1.14189240,0.30191621
-0.61143441,-0.27494987,-0.36768069,1.07106645,-2.82358519,3.17604295,0.45773590,0.87546467,-1.43514128,0.55833071
-0.92694236,-0.81202553,-0.75865424,1.54883767,1.80833996,1.03409720,0.78959694,-0.50325000,0.02338098,-2.38952526
-0.77025753,0.30634200,-1.35053932,2.13740259,-2.19310839,2.13608053,0.85416378,-0.21560591,-1.94207483,0.25111248
1.15565449,-1.76070116,0.20385070,0.82361253,-0.82660753,0.14161522,-0.79530834,-1.61931552,1.20875260,0.36603863
-1.04987108,0.68200803,-1.04915479,-1.60411575,-0.31286893,1.59513468,0.79253614,-1.43778643,-2.91829605,0.64361973
-0.72309144,-1.08097857,0.75508179,-1.25510728,-0.00833447,1.42605591,-0.52676612,-0.44430831,0.53050904,-0.57034119
-1.08195540,1.57779413,-2.46793278,-0.88410189,-0.84130235,1.15116591,0.12585140,1.48558663,-1.29861407,0.24947409
0.36390780,-2.75356304,0.41881428,1.03462358,-1.01943505,0.27890108,0.62458466,0.28324155,-0.15468164,-1.16453198
-0.80001179,-0.88949265,-0.41622220,-2.29597461,-1.97128222,0.85481773,-0.15052902,2.46335491,-0.71157483,-0.16282082
2.01697765,0.23801946,-0.04358801,-0.89027309,-0.39301942,-1.46776448,-1.50328700,-0.98013123,-2.65774532,-1.10439393
-1.01452858,-0.38244723,1.39081761,2.23684937,-1.52919144,-1.33731996,-1.33391430,-0.68223639,-0.01160116,-1.06607173
-0.45073618,-1.98292825,-0.65698681,-0.15141079,-2.57175149,0.56873094,0.35487922,-0.09593345,1.49429531,-1.02440957
-0.60971997,-0.63847558,-0.47326585,0.48067351,1.15213751,0.45165194,0.17274879,-0.99792473,1.22943670,1.22089207
0.96799611,-1.40687195,-1.67916739,4.39866280,-1.38238099,1.91065297,-0.09479601,-0.28149560,-0.04015512,-0.59326447
0.02917245,-0.35830078,1.77664072,1.30251545,-1.43803768,1.09920632,0.68039599,2.05031519,-2.04983734,1.18828064
-0.69061084,1.64401063,-1.00079127,-1.57583224,0.00669347,1.96743285,0.93142800,0.12436365,-1.76270779,-0.96674936
2.02545278,-1.27173152,-0.57679930,0.41548652,0.00618370,-1.42886826,-0.61554102,-1.95274682,1.26411403,-1.12280185
0.78703479,-1.39286422,0.39688754,-2.59107064,-0.12420776,0.26676174,-0.26420589,-0.06986229,-0.64426212,-0.46249901
0.84513047,-0.50647020,-1.31901501,1.08366016,0.76430017,0.95373496,-0.08246451,0.39129976,-0.24864910,-2.47623317
-0.10436208,-3.36771990,-0.80093406,-1.82346302,-1.17197996,-0.54418499,-0.76409351,-1.70610554,1.42815148,-0.06586445
-0.16755758,-1.94670683,0.35078625,-0.04673484,-0.00551807,2.57565986,0.45688707,0.12951796,1.62964563,-1.69719503
-0.80380898,-0.73734058,-0.97678950,0.26553014,0.40168602,1.42944763,0.78184630,-2.07329843,0.48408832,1.47952994
1.53223491,-0.55216876,-1.21493394,0.65378035,0.23741458,-0.80847833,-0.57526582,-0.76854152,-0.22798086,-0.96391730
0.90288174,0.31052982,-1.95143400,1.22128552,-0.23050800,2.11694390,1.52790898,-1.27981116,-1.26231763,-0.53408427
-1.14371350,-1.01126361,0.27253836,-0.28018499,-0.13703634,0.77252622,0.83662315,-0.51244342,0.78593640,0.63778494
1.11033243,-2.32718094,0.85734426,-1.68447265,1.98911733,0.40643303,0.58791136,-2.52204116,0.80475940,1.79975956
-2.07911820,-2.44258622,-1.89580136,2.02861143,1.08528846,-0.70385685,-0.56307115,-0.49630812,0.14308988,-0.06476780
0.77931634,0.47899433,-1.61398865,1.32863743,-1.19876701,1.24650053,-0.51662168,1.84068899,-1.39683239,0.75198940
0.37814903,-2.05806945,-1.88960845,0.45123674,0.70547971,1.43148208,-0.24151514,0.95002390,-0.57617259,0.27565310
2.19490042,0.80762596,1.32037941,-1.25758305,-2.90054226,0.73231529,-1.20072800,-1.77284399,-0.56925457,0.61919692
0.68605897,-1.52057195,-0.15054064,-1.04492749,-1.24217835,0.85305250,-0.67753829,1.26858195,-0.75731724,-1.04430785
0.79507448,-1.81952241,-1.86284231,1.17721087,-2.02541306,1.33852642,0.90114483,0.59194151,0.07420916,0.20380238
-0.07870480,-1.32819189,1.43745800,0.28983168,-0.54083088,0.97348360,0.02070104,-0.37522522,2.19752215,-0.38124245
1.10433367,-0.98780904,-0.25662506,-0.42423410,-1.06609433,-0.50639931,-1.81641696,1.32091972,-0.42888247,0.03976647
0.26801243,-1.63801940,-2.35368579,0.38175248,1.12132947,-0.19170587,-0.50279869,-0.79857631,2.93278144,0.70065574
0.24922974,-1.56234036,0.50858277,-1.37265936,-0.67602704,-1.00504524,-1.81888823,-1.59805346,1.69976438,-1.10673723
0.54600486,-1.15958145,0.04492748,-0.35055624,0.87238776,-0.57202344,-0.58330717,-1.26515861,0.07573284,0.65756402
2.11838680,0.73731337,-0.67377669,-1.16795301,1.98338855,-1.19227831,-1.76150598,-1.33000414,-0.50715746,-2.04603863
-0.95495158,-0.93127959,-1.27054688,1.85621368,-0.62768853,-0.00878836,-1.29806844,-0.38205635,-0.28687823,-0.44726378
-1.06647365,-2.58342449,-2.62265878,1.19074186,1.05816919,-0.24303665,-0.67979332,1.51117701,0.37371258,0.74402600
-0.48048169,-0.29955278,-0.99799898,-0.49829716,-1.74318484,0.89467748,1.28295302,-2.68338835,-1.64410151,0.05308045
1.69493414,-1.48814158,-0.74954913,0.76296666,-1.58605889,0.75324164,0.78471958,-1.39368067,-0.01108645,-2.32835808
-1.71493196,0.86203217,-1.53968637,2.36231620,-2.36784973,2.86607852,1.55132776,-3.21050028,-0.75918341,0.10593666
-1.95003647,1.50868054,0.91518362,-2.32982573,-1.58949488,1.47015556,-0.56214848,-1.06726801,-1.39272541,1.41411991
2.38487366,-2.02894203,0.60207361,-0.75187434,-1.48032229,0.14777771,-1.14894340,0.27550354,-0.65151928,-1.13029556
-0.47660495,-0.36076262,-1.59339277,-0.63863126,0.46372774,1.97255941,-0.40150790,-1.32230598,-1.28053781,-1.12501396
-0.25514308,-2.09997592,-0.92729413,-0.49902955,-1.16716155,0.16067779,0.81039554,-0.42388849,-0.75409157,-2.14637198
-0.65685776,-1.21398369,-1.18844691,1.55589825,1.25921827,2.41760652,0.87005137,0.36958995,0.52206458,1.27237770
0.02218791,-0.06536113,-0.96771148,0.13431361,-2.70842607,-2.02096829,-1.68281368,1.83694179,-1.70214292,0.14109632
0.55183171,-0.76331837,0.40606712,-1.79399440,-0.56090615,1.35647443,-0.47431785,1.71040686,-1.71825469,-0.13859337
1.02511503,-2.06140242,1.72689323,-1.14693526,3.87188858,0.14360154,0.97922352,-1.56839313,1.72298039,0.92971442
0.67001611,0.74838117,-0.93876429,-0.43545590,-0.82479584,1.91428577,0.68218339,2.40445993,-2.44002241,1.40181376
0.01449934,-1.20547723,0.80160738,-0.83447824,-0.50073385,-0.63229371,-1.08948774,-0.59157305,0.01294568,-0.95686018
2.10310329,-0.16460563,0.38293153,-1.77841201,2.72622701,1.65164754,0.63184043,0.03400293,-0.04781325,1.45504482
1.00439019,-0.59961328,0.14558017,-0.90833301,-0.49759969,3.47598969,1.21673347,2.22894117,0.72059170,-1.40793797
-0.23386367,0.42728806,0.46295377,-1.60616739,-1.82792309,1.41508969,0.84415235,-1.21617814,-2.38910773,0.01354756
3.08806181,-0.22056097,0.34680279,-1.84179316,-0.15091223,-1.41864849,-1.11029381,-0.07982055,0.61801497,1.24385165
0.82099232,-1.93248060,-0.68125056,-0.89394565,-0.06949919,-0.01562285,0.71078781,-1.71228444,1.62988736,0.02416736
0.14265523,-0.66507425,-0.56027187,-1.30498599,-0.39017903,-1.17225568,-1.21121535,1.50647684,-1.06748229,0.58906165
0.41199751,0.16036218,-0.29444814,-1.69837934,-1.68162705,2.67709761,1.41733819,-0.52585382,-2.51891925,-0.76297030
0.18522664,-0.98585259,0.21050078,-0.35355242,-1.37183787,-0.70835641,-0.87560340,-1.20646625,-0.23342411,-0.23541681
0.02486727,1.05250791,-1.04585142,0.60861360,-1.66127281,1.46499845,0.06086984,-1.26674653,1.27187016,0.37470610
-0.72389113,-0.84838583,-3.28167561,1.71130090,-1.62029408,0.70417836,0.65119586,-1.23708855,0.62391785,-1.12170619
2.06131777,-0.87508937,-0.27587660,-1.52091570,-1.69090058,3.16340843,1.93193329,-0.06587919,1.57163845,-0.17366745
-1.38892166,-2.25716384,-0.16856722,-2.08341566,-0.49240575,0.82191785,0.77259620,-0.08255956,-0.94418136,-0.46742641
-1.26638462,-1.40244848,0.02578661,-0.67412733,1.29025191,-0.51735427,-0.08860277,1.08709880,1.97562891,0.37497186
-2.31908713,0.32342654,0.14508966,-1.18110338,-3.81928805,-1.16811928,-1.76201368,1.99164295,-3.10010699,0.70224155
0.97613572,-2.32367067,0.70236098,-0.53084760,-0.82927072,-0.31938066,-0.42918033,0.16650488,1.19667891,-0.80703419
0.80587293,0.52668375,0.83555644,0.81724476,-1.86639198,0.79070542,0.43457364,1.62431349,-2.95918732,-0.24856177
-0.25260867,-0.67385179,0.07874169,-0.00984822,-2.15933145,-0.58863229,-0.47579170,0.62648062,-1.46907399,-0.54172714
0.03988377,-0.47954601,0.42089486,0.46260920,-1.95168974,-1.58368843,-1.98785533,1.60280336,-0.84573451,-0.07215895
1.17914782,-1.34672411,0.83165015,-0.20927741,0.66443547,-1.16557414,-1.09272770,-2.39598915,1.61730250,0.89820350
0.43934422,-1.01628644,-1.38444693,0.86558637,-1.36351554,0.12741151,-0.77010610,-3.24609042,0.72334669,-0.73150918
1.70847273,1.13319324,-1.26016736,-1.89829312,-0.13973600,-1.89111913,-0.74505036,-0.64396307,-2.66008650,-0.23732843
1.50759579,0.34435899,1.10566699,0.20216765,-1.22310989,1.64523105,0.53630827,-0.76864568,-1.95258632,-0.09414737
-1.33681868,-1.56406301,-1.90902011,1.16301776,0.74647836,-0.61081996,-0.50478839,-0.57665844,1.16475402,-1.23916549
1.66085571,-1.95020970,-1.12941091,-0.39161047,0.38448735,-0.50832803,-1.92293814,-2.44650467,2.33931433,-0.37159873
0.04688327,-1.69254828,-2.66100687,-0.20515574,-1.99401029,0.15492550,-0.09856834,0.34209573,0.40166648,-0.77171103
-0.02040934,-2.43554698,0.62755910,-0.70016296,-0.06426923,-0.54710935,-0.50066612,0.63562260,-0.56676670,0.97954565
-1.16298803,-1.52461603,-0.77813846,-0.79195014,0.22483567,2.52871443,0.88883780,0.06495748,0.44038815,-0.53307292
0.35995303,-1.46588854,-1.24304558,-0.20214142,-1.61847143,1.40389072,0.55707520,2.90558469,0.34585153,-0.14129239
1.04265121,-1.26418103,-1.41308264,1.00354211,-2.78847303,0.81217058,0.33507873,-1.12969195,1.54415962,-0.03453864
0.36210140,0.46208877,-2.80005798,-1.42209017,-1.90660164,1.38876915,1.21180690,0.47917871,-2.26869724,0.47369556
0.11467289,-0.87882685,-1.32490967,1.57496645,-1.02701847,2.76502450,1.09775717,-1.10269748,-0.50482592,0.64701348
0.84701523,-0.44664436,-0.37496615,0.47729118,-1.07921532,-0.08407133,-0.28409777,0.27420267,-0.61138351,-1.04132857
0.22525852,-1.84198989,-0.85346444,-0.14092875,2.00712703,0.70144821,0.34652877,0.23788817,0.05247841,0.94040744
1.32453767,-0.64588892,-0.72753982,-2.25805700,2.54115120,0.13628909,-1.54891273,-0.52225636,-1.32116700,1.91248553
-0.46385835,-1.24478568,-0.72891905,0.55254659,-0.42404008,0.39845900,-1.58510038,-0.42295308,2.35656451,0.30170795
-0.67631992,-0.09892209,-1.58832547,3.06475174,-2.15179261,0.72688874,0.24966475,-2.72800786,-0.76140164,0.03057429
0.37111584,1.62908112,1.36913399,0.82711289,1.97190978,3.79976747,0.87753484,-1.50820421,0.63445478,2.16405875
0.80208954,-1.32871751,-0.33238836,0.87041985,3.51364440,1.07391121,-1.15683251,0.73363284,0.21222085,2.43444427
2.12915928,-1.74964034,1.36207815,-1.98200641,3.72804500,0.98835768,1.47579643,-0.63919343,0.57292393,1.19551861
-0.19464836,-0.76506606,-2.14863887,0.67155695,1.74924428,1.58866411,-0.44202130,0.17496584,1.15419488,1.41500774
1.18761613,-1.22109542,-0.46384286,-0.41479120,0.21625678,-0.23095113,-1.01668961,-5.85680363,1.65493011,2.32332110
0.60407466,1.62485437,-1.42343385,-0.08252280,0.10950897,2.26194232,1.35919251,1.59715796,-2.19033289,-0.16447677
1.36186211,-1.31802768,-0.22934528,0.83657259,1.20922798,1.21144727,0.96444359,0.88294668,1.59124937,0.73317783
-1.29420340,-1.29574486,-2.48743268,2.80942437,0.49404343,1.48002547,0.29881888,0.09834626,0.69248675,0.33731882
0.76445725,-0.40059242,-1.73153051,2.30751867,-0.63175101,2.90182858,0.50512733,-1.04195024,-1.05890016,-0.80687544
1.94796106,-0.42603087,-0.52406048,1.79545343,-1.05495601,1.78788715,-1.58570061,0.62566612,-1.41720177,1.93747768
0.63776482,-3.51389995,0.13610388,-1.31499122,0.34169912,-0.04317758,1.00207863,-0.53034275,-0.55618744,-0.03799972
0.00875968,2.15479713,0.80136234,-1.15385571,-1.09249232,2.69112695,0.00275242,0.89759372,0.27168686,-0.81463839
0.46016360,-0.58182100,-2.60131996,1.75818854,-2.53519827,1.03246946,0.40569039,0.42040118,-1.48851599,-0.30584833
1.02384285,-0.86759248,-1.44315093,2.49004840,-1.77047383,0.43484562,0.63996899,1.16800623,-2.88643613,-1.03761008
0.26839206,-0.15232402,-0.71612745,-0.56434099,-0.94325589,0.76228431,-0.03503640,0.60828304,-0.11080623,0.55356141
-0.07778343,-2.00206275,0.17226868,-1.22365483,0.85862503,0.33689663,-0.62726686,-0.19160528,-0.19866791,-0.00840166
-0.02037182,1.53617580,0.59648349,0.65236894,-0.02118748,1.40114679,-0.61310971,1.69537785,-1.09871149,-1.39354077
1.64436287,0.01512119,-1.18604917,-0.07227786,-1.59292940,1.12399936,0.80584056,0.27716113,-1.08078919,1.14942388
-1.19431984,-0.07511776,-0.90166023,0.45986407,-0.46910074,2.09958220,-0.20795517,2.10182862,-1.48859334,-0.69531306
2.98734149,-0.04918734,-0.31370151,-0.29995646,-2.26117372,-0.02694122,-0.71123020,0.43411609,-2.28867494,1.50843176
1.00502852,-0.62557400,-0.62705585,-1.22013652,-0.57612058,0.32398756,-0.27511312,1.17554236,-0.45085075,0.13839401
-1.02020045,-0.28847556,-0.12073565,-1.50811592,-2.49822487,1.41343836,-0.00075599,-0.63421306,0.35040705,-0.11132137
2.02120632,-0.97389197,0.58713982,-2.12755198,-1.29853309,2.17695355,0.76605009,-1.03423956,-0.04224018,-0.59563679
-0.85183288,-1.56285608,-0.15186693,-0.74092521,-0.18147217,-0.11107019,-0.20951258,3.31487139,0.21685553,-0.66243502
0.31524073,-0.23952150,0.54932498,-0.29693293,-1.44599091,-0.25338341,-0.92553831,2.20456216,-2.50204661,-0.57270810
-0.44727714,-1.53103915,0.27179329,-1.24864353,-0.59889699,0.08053552,-2.46739053,-4.14625554,1.56980441,0.59938588
-0.50795153,-0.65873542,0.12508729,-1.42135472,-1.55664628,0.56897512,0.80024928,2.16886378,-1.41172913,-0.54265041
0.94479288,-2.19142208,-0.55588593,0.70434342,2.28851612,0.23451874,0.25044733,1.90344348,0.35287280,1.58282961
0.26949634,-2.21577653,0.21974702,-1.62252904,-0.90536186,-0.30073223,-0.62440907,-0.06853983,1.48772720,0.05968383
-0.09736464,-2.26874572,-1.02658878,-0.13009564,-1.25861447,0.74775552,0.02647716,1.97061924,0.03374857,0.36702793
0.60039075,-0.64628717,0.00075724,-2.24115383,-0.53278093,1.47252014,1.17875080,-1.68478452,0.44302656,2.61260620
-0.52403983,0.52564169,0.92548471,0.90554193,2.79317799,2.02595497,1.02586074,-0.91875698,-1.68619210,-1.70482560
1.04516333,-0.78061112,0.52792965,-0.71548033,-0.75516180,-0.26550401,-0.39594781,1.94659215,-0.39944062,-0.08027575
0.55501393,-2.07300227,0.86579959,-0.68412067,-0.67824460,0.45323453,-0.14204784,-1.48952432,0.25626907,0.42090129
-0.30078856,0.34119109,-0.23802543,-0.21962081,-2.02135705,3.64701070,0.83479130,-0.91951065,-2.47323831,0.94655150
1.13081851,-0.10478811,0.22167069,-0.21970000,-0.65778555,3.08987661,0.19114060,-0.91045688,0.22577669,-0.49722708
0.43020388,-2.44820579,-1.37851338,-0.80843740,-0.61194242,3.09209890,2.27259060,-2.73784662,0.84400288,-1.65716432
-2.54430325,-0.44855747,-0.25107719,-1.89062722,0.85634203,2.69600747,1.62032572,-0.54990458,0.20088476,2.43852551
-0.42876394,0.59876064,-1.59770093,0.17939703,-2.16723410,1.52056460,0.70461307,-0.34431847,-3.08983476,0.57350694
-2.35867908,0.74220880,-1.93001527,-2.07100970,-1.09019114,2.21056514,1.14152991,-0.02168333,-1.54756816,0.85071321
-0.22353858,-0.45050831,-0.23032637,-0.32261555,1.69980477,0.46191830,-0.72647995,-0.49529844,1.52763721,-1.33361337
-0.45282452,-1.85610876,-0.53547659,0.09331180,1.04993729,1.73035158,-0.48499969,-0.37510914,1.10469174,0.94128470
-1.89371134,-2.36294244,-0.11265105,-0.65680245,1.43635077,0.24207099,-0.80882597,0.72805952,-0.24553324,0.32071468
0.35737827,-1.52959469,0.13217786,-1.85716843,1.75571834,0.67351268,0.97064482,-0.36925997,1.03236182,1.42995806
-1.48043481,0.40343270,1.13840906,-0.90749838,0.06897674,2.23483053,0.04928047,-2.90024485,-3.02819980,1.56284573
-0.59491235,-0.05415889,0.68274621,0.25651588,-1.60245437,-1.20414130,-0.77780190,2.01059465,-0.85877144,0.97557264
0.81466195,1.67096637,-0.54153277,-2.02145203,-0.79483434,1.89853575,1.63104023,0.96216156,0.88634838,-0.82666123
1.15072333,-1.87240163,0.10012493,1.43592625,-1.52913622,-1.05342153,-2.90440261,-1.84313239,3.34377308,-1.70233277
0.59619592,-1.41550347,1.29071513,1.50843045,0.35790407,0.29067529,-0.34384965,0.09294081,2.18149666,1.09288694
0.32641032,-0.21122632,-0.41255421,1.16587984,-0.83586336,0.61832895,0.04552581,-0.30533943,0.47428826,-2.99780250
2.70992631,-0.93731241,1.20296872,-0.03603455,-0.18619193,-1.35796983,-1.87260117,0.77157470,0.88126772,-1.68870277
0.83031947,-0.87231287,-1.06238800,0.66607150,1.01283438,0.48681518,0.54133308,-0.67937888,-0.19095072,1.30141246
0.12197332,-2.40803845,-0.04411966,-0.45183231,1.42456124,0.89335098,0.06430550,0.30851658,3.36985804,0.15177734
0.06773024,-0.86133772,-0.05206764,-1.11544038,-1.37373615,-0.00515027,-1.57045852,2.97451478,-0.98710918,0.40000434
-0.39482934,-0.46938572,-1.47374963,0.25198508,0.33270445,0.59698338,-0.96055932,0.28039888,0.25708734,0.86836332
0.84558929,-2.16516914,-0.21289005,0.09413097,1.58864444,-0.33126954,-0.94001923,-1.83633320,0.13554891,0.01221195
0.65983379,-0.08162542,-0.42865926,-0.99365453,-1.72881724,1.76835661,1.31090318,1.42513025,-1.42138005,0.59738238
0.43016176,-2.81066840,0.11938037,-0.50405626,0.08382562,0.02090204,-1.07885427,-0.78601571,1.06239750,2.26069547
-0.52328037,-0.69669961,-1.06858128,0.44252210,-3.52575269,-0.62344795,0.30633546,0.42368879,2.01521691,0.08079448
1.76073692,-0.62062493,-0.31940208,0.07114966,-0.57113244,-1.09715089,-0.48836814,2.19916669,-1.38804521,-1.26534441
-0.08655774,-1.59304811,1.48959056,-2.02011673,3.35274671,-1.03104280,-1.13772781,0.25368255,0.94617335,1.33582284
-0.27758575,-0.28176533,-0.61750102,-2.01892402,-1.31582347,2.27082863,0.61615161,-3.81178950,-2.33304350,0.73635982
1.78327171,-2.46297230,0.46197261,-1.12172321,0.90699904,-0.79576196,-0.60725563,-0.96419624,1.02848740,-0.60840889
-0.67040369,-3.29568123,1.31068483,-3.89749957,-1.29077618,1.20938623,-0.54281177,-1.67524624,-1.78660808,0.65736922
1.33162653,-1.29956189,0.71996027,-1.09232265,-0.35421148,0.94651963,-0.01794998,0.89763827,1.05746493,0.08329092
1.39455387,-0.23190852,0.78563787,-0.66007871,-4.58983422,1.14905956,2.58929505,1.13221257,-1.33810391,-0.23037942
0.76816735,-1.90599340,0.19116523,-0.25717548,0.56805777,-0.79213378,-0.96358364,-2.67854998,0.50453147,-1.58983906
1.34427672,0.00209497,-1.80390368,-0.48505873,-0.25057896,2.28919277,0.94687980,0.00115494,-1.00527839,-1.86421998
1.24781432,-2.28447891,0.39813890,-1.74455069,0.11450034,1.53474216,-0.25995285,2.08362546,-1.16386388,0.43960829
-0.57782764,-2.13679410,0.19373744,-1.23589508,-1.47761645,-0.26240405,-0.26288442,-0.22168574,1.85638056,-0.84428568
-0.57959572,-0.41833699,0.79584940,0.55379363,-1.41141249,-1.39343804,-1.23959300,2.64571078,-0.51314050,-0.27802581
0.84620968,-1.05380191,-1.26035128,-1.03619730,-0.61620526,1.21761215,0.42881965,-0.88717934,-0.05779940,0.21641208
-0.55668636,-1.87064867,-0.11363933,-0.57467489,2.44895843,0.86771530,0.83272304,-0.47478255,1.94377825,0.43045216
0.97978476,0.14352041,0.76376612,0.08855563,-1.79719251,2.24376352,0.46656351,0.25129875,-0.63213257,-0.23336391
-0.51550697,-0.91404630,-1.88186757,2.05697972,-3.13839487,-1.55827519,-0.97421657,-1.38802808,1.20563543,-0.30820684
-0.46957976,0.47232927,-0.66872718,0.07491422,0.08102794,1.98340113,-0.30676737,-1.96169158,-2.39986674,-1.35510053
1.32734899,0.30240323,0.86617101,0.71592618,0.24141650,1.08834509,0.18693321,0.79373712,-1.19032121,-0.06252592
-0.68884104,-0.23215940,0.37080553,1.24988926,0.03871761,1.12094835,0.48612018,-0.16346003,-0.94467129,-1.23025261
-1.04184326,0.00334022,-0.38461494,-1.08568953,1.13715275,-0.54116142,-1.59015877,-1.22867761,-2.43341279,1.48557018
1.08933109,0.81501680,-0.51647111,-2.50752876,-0.44095343,1.22396040,0.80982363,-0.43047462,-2.61582967,1.34239555
1.34768627,0.49759868,1.03973436,-0.61947967,-1.69392936,2.58760327,1.85439549,1.03649578,0.70274155,1.59306275
-0.40262431,0.15147418,-1.83907828,1.80318716,-1.76266652,0.93780883,1.05814524,0.06955300,-0.90464722,0.74093783
-0.07183915,-1.86439900,-0.49664654,1.58583284,-0.22784765,2.43363226,0.74540170,-1.96356894,1.21770869,0.86758696
-0.80489791,0.87316227,-1.01917020,-0.72406298,-1.74859386,-0.54483971,0.44757792,0.47725970,-1.48787706,0.90654925
1.58801021,0.96710641,-0.21992614,-0.46752644,-1.35428180,2.05307287,0.12229405,0.51042390,-2.65767387,-0.54651066
0.60389387,-2.71921665,-0.07865437,-0.50436946,-1.02559342,-0.73302890,-1.33088708,-0.44202812,-0.76125756,2.30062151
-0.00180305,-0.60040321,-0.36753542,2.10285741,-2.36201171,-0.00806240,0.28462383,-2.21905628,1.54502199,-1.16146373
1.39715991,0.16128790,-1.09326679,0.98025318,-0.21815617,2.28653213,2.08495905,-0.79775504,-1.78117470,-0.70533591
1.21822375,-0.95593693,-0.78650190,-0.33697950,1.53922230,2.33907471,-0.43276969,0.03301029,0.61879977,1.41547935
0.79192666,-2.10844683,-0.62964021,0.46268324,0.07144975,-0.70069964,-0.66153710,-2.77500658,0.94050944,-0.26622787
1.04279948,-1.85719506,-1.19580963,1.40532019,-0.40243733,2.35905224,0.99328574,-3.74349378,1.14776166,-0.16673979
0.72033173,-1.43863105,-0.72698378,-0.57464505,-1.41586885,3.57986278,2.04190685,2.11410128,1.55169944,-0.24150445
-0.47381443,0.58004487,-0.32337228,1.00034034,-1.94556766,1.13309863,1.00827584,-0.79694509,-0.50366548,0.48773687
0.53412397,-1.73378347,-1.60277615,0.06224039,0.38173406,0.25799198,0.70066860,0.91907446,0.06457462,0.22609737
1.19895262,0.53783070,-0.58085565,1.76117432,-2.28091092,-1.82364439,-1.01182410,0.29899273,-1.70714367,0.51170699
1.13201968,-2.05806652,-0.01956668,0.41425616,2.33305694,2.85370331,1.84282848,2.23334511,2.02394452,1.07898776
1.17621673,-0.58656306,-0.74698022,-0.34980029,-0.92555614,-0.76055001,-1.27621184,-1.54334298,1.12756557,-0.68723448
-0.12404433,-0.92285077,-0.64690178,1.10720929,-0.06124153,1.53881559,0.76814397,-0.95155113,1.10151994,0.46756904
0.10903269,-0.42337859,0.06587489,-0.55481752,-1.13077673,1.18168709,-0.58764541,0.95193920,0.02297524,-1.14463799
0.79123157,-1.20287497,-0.68167266,-0.47209198,-0.64185884,2.25778285,1.73376997,1.67485888,0.51006451,0.19290464
0.09763556,1.54314418,0.10563126,-0.80842143,-1.08328958,2.07866791,0.59618117,0.86359469,0.28687028,0.79058747
0.26559693,0.76001191,0.03099124,-1.70667156,-2.70000659,2.08168395,1.91791523,2.03018577,0.05966130,0.80507913
0.07253988,-0.13391477,-0.16606684,-3.61025188,0.39261909,1.22983949,-0.93607860,-0.37202213,-0.48815957,-0.67162841
1.20432912,-0.13616105,0.52083139,-0.19565207,-1.31049327,2.51614027,0.68861337,-0.41146113,-1.89979357,0.56849759
1.82729395,0.69917240,0.36191107,2.01163886,2.57983416,-0.68627759,-0.30344564,1.18237505,-2.01872805,-1.55477866
1.06482172,-0.48252380,-1.99341616,0.52470851,0.54716607,-0.80598728,-0.43387056,0.09652648,-0.29864020,1.17131753
1.71217039,-1.52255586,-0.74058905,0.27058439,-1.60460031,-0.41045658,-0.31054665,-1.73642047,1.12014834,-0.28230020
1.36583906,-0.59164049,-0.87109190,-1.06081856,-0.36928785,1.39084023,-0.37314335,1.10524229,-0.95139337,1.32973878
-0.29075532,-0.05690125,-2.36931485,1.59013620,-3.60313884,-0.29696540,-1.50324766,-1.22901323,-3.04842017,0.49719563
1.59590381,-0.28621206,-0.22562481,-3.86027017,-1.51862804,2.50711060,1.38186472,-1.22465526,-2.09448014,-0.63517326
1.34113338,0.99085929,-0.08299123,0.06183153,-0.97047966,-0.71821605,-0.48024878,-2.09919984,-1.71640319,-0.08657369
-1.23381649,-1.61636705,0.03371830,0.61487205,1.31659129,1.47041983,0.66076015,-1.05703498,0.96833814,-1.39015228
0.09071175,-0.30492015,0.07510035,-0.51401160,-1.25533682,-0.38018699,-1.46686500,1.09833442,-1.72829297,-0.73519556
-0.02744002,-1.33882020,-1.50863839,0.50945528,0.74764542,0.21264138,-0.24708999,-1.22215846,1.14358099,0.46761369
0.84802082,-1.28329967,-0.92046815,1.19475286,0.17925492,-0.17665486,-0.60873034,-2.25517449,0.35387994,-0.58618142
1.01498893,-1.26868179,0.07047435,0.20191304,-0.11779265,0.46550060,0.60356179,-1.59838781,0.95891590,0.48476603
-0.87812040,-0.94216662,-1.24005360,0.93770343,-1.92045159,3.66422786,0.74849964,-1.64406489,0.94448484,-0.06441342
1.59465607,0.55846115,-1.68732105,0.67324442,-0.58453583,2.16457253,0.49048140,-1.27443732,-2.21295061,-0.26139825
0.49594661,-1.21428978,0.69401978,0.08714735,1.47985678,0.39282829,-0.36818464,-3.22237755,1.82103263,-2.12942662
0.63571157,-1.86724681,-1.45435485,1.25004310,-0.17471343,-0.40371548,-0.81402448,0.63336219,0.59473736,-0.21317081
-0.84886880,-1.30393680,0.46811301,-0.11469261,-0.97006463,-0.59206245,-2.03006318,-0.60505947,-0.04742705,0.51582470
-1.50533967,-0.43736717,0.72445255,-1.11809821,0.62043939,2.58328011,-0.15902302,-0.37477420,1.64056865,0.86754664
-1.65902336,-0.90273252,-1.40177661,0.45887412,1.37288924,3.05562581,0.33724434,-0.44364673,-0.27116637,1.73566359
-0.64456051,-0.16841542,-1.33035905,0.12221072,-3.29703368,0.80634724,0.59393398,1.86508395,1.04015209,0.15140541
-0.03069214,0.38730034,-1.60861701,0.78617604,-1.00585815,2.99760543,1.21268273,1.34563053,-2.24367503,0.16067307
-0.64652892,-0.68673716,-0.23209936,0.04400856,-0.12667297,2.02106866,0.99003068,-0.89050460,-0.44185815,2.23979161
0.30715333,-0.22135734,-0.51204145,-0.53266906,1.14398225,1.06584156,1.00007665,1.85041880,-0.73139505,-0.89713294
0.09679569,-3.63619083,1.18674311,-2.09583805,-0.28457894,1.91478081,0.94660167,-1.41143362,0.26945238,0.20356553
-1.93477225,-1.23495132,-0.65639634,-0.94400907,0.09915282,2.98776498,0.28315972,0.80835911,0.38376922,-0.76556893
0.03461214,0.22806267,-0.27802929,-1.01599913,1.36422037,1.29690675,-1.58573078,-3.08600820,-2.78185868,-1.84030074
0.74715702,0.14647033,1.45814573,2.45110253,-1.21440022,1.80240409,1.46916164,2.39211970,-1.43865620,-0.53855812
-0.94760328,0.07237864,1.06377275,-0.28724053,0.17129891,-0.11670377,-0.39464484,0.34147478,-1.84407422,1.14103498
0.26628861,1.11065524,-1.93356257,1.79901402,-1.87323465,0.78581739,0.34062794,-0.25650228,-1.82794589,1.13081648
-0.40789430,-0.05049739,-1.66048765,-0.64992785,-0.89722890,2.61421828,0.30390974,-0.69978739,-2.20213402,1.31474058
2.51498393,-1.31852401,-0.88469345,1.38202704,0.02781656,-0.84427558,-1.00958961,0.66244563,0.91048520,-0.53498393
0.69015231,0.17313166,0.27375529,-0.54262808,-0.74254938,2.11114271,0.33105340,-2.00250582,-2.04995871,0.94847500
-1.02895631,0.12558050,-1.45454842,-1.05215057,-2.99922357,-0.13129589,-0.71984526,-0.11583245,-2.50782535,0.25555892
0.87805416,0.35671017,0.43429573,-1.73385546,-2.62116321,2.19948646,0.45840668,-0.53448675,-2.25527344,0.62347417
-1.44090919,0.25258271,0.45234334,0.14967177,-1.39554053,3.76362026,1.65167097,-1.04367134,-1.40860648,0.46244070
0.32340861,0.00240590,-0.51238565,-2.94759898,-1.83962882,-1.05746627,-1.05162779,-1.19420295,-0.49622100,-0.32569195
-0.06777737,0.33956568,-1.01557244,0.07311109,-0.13156408,2.24627186,0.86757144,0.51536941,-1.72486268,-1.04235447
-0.85800334,-0.69694866,-0.24008333,-0.95794794,-0.23060085,1.04219291,-0.56334541,-0.42746664,0.35659762,-0.36827013
0.33970737,-0.71206025,-1.52948849,-0.70726614,-0.97267187,-0.47968161,-0.49962899,1.36669697,0.22998847,0.53242598
-0.23410505,0.60299476,-0.32593407,0.08914255,-2.16713182,2.51175954,0.47824022,-2.18757055,-1.01499546,0.78956244
2.26763333,-0.61414347,1.44958145,1.09369776,-1.68017198,-0.49844885,0.22956371,0.43243846,1.19111337,0.06178133
1.02782560,-2.70214002,-1.49356526,0.48089028,0.06326495,-0.34212053,0.52507526,-0.52721754,2.58286032,-1.44446965
0.22153385,-2.06595284,1.30697472,-0.14834922,3.13145941,0.03688717,-0.16464278,-0.90141450,2.15916482,0.96475527
1.71338818,-1.17101220,-0.59652715,1.36755887,0.87960596,0.93846003,-0.16450998,-0.50634791,1.40897282,-0.65016318
0.01699523,1.13069232,-0.84355398,-1.16338754,0.29492797,1.71889991,0.83701716,-2.38095887,-1.38995909,-1.22606149
0.77894283,-0.95722810,-0.00563980,-1.74827035,-2.04185398,0.72883042,1.22006951,-1.94110408,1.11529567,-0.63821799
1.50754075,-2.83404014,-0.76030612,-0.18102044,1.15102363,1.14260596,0.06202755,1.06702937,1.96462546,0.99808150
0.15819903,-0.91160047,-1.56845819,2.29074794,-1.67972213,-0.46989863,-0.62613565,-0.32383442,-0.82884183,0.73985571
0.04940774,-0.96454790,1.29207373,-1.51268550,0.73491027,1.06479655,-3.58712997,-2.91798381,1.57405944,1.72844602
0.79482299,-0.38655922,-0.45907906,0.94487062,-0.45180277,3.30216864,0.20471042,-1.81024683,-1.61781465,-1.65194665
-0.43443775,-0.39369278,0.56666223,-1.99257121,-2.83511916,-0.44067109,-0.89249092,-1.18519067,1.21405737,-0.45879145
1.02299291,-0.58000481,-1.30462339,0.81461866,-4.45953699,3.01314025,0.73956265,-0.53262777,-1.76178344,-0.42805167
0.43554515,0.38801011,0.81241203,-1.17863097,-2.93610116,1.42136908,-0.91519226,0.02828088,-2.29142687,0.73849027
-0.03694614,-0.89207652,-0.08802747,-1.49749191,-2.33739958,1.60724232,0.83777605,3.33415606,-0.87648389,0.21009122
0.02611561,-0.10049245,-1.15067916,0.34404821,0.75625576,2.32006516,0.91439027,0.17039646,0.23522590,1.17000597
-1.33833946,0.37199251,0.28944917,-1.88620614,-0.66021331,4.06769534,1.02775469,-3.29749999,-1.40861359,1.25502278
0.99039558,-0.68777646,0.03855858,-0.67806000,-1.05799101,1.07495744,-1.51377486,0.33045526,-0.67684486,-0.39983063
1.28415773,-0.28614306,-0.94214669,0.29989861,-1.54003239,0.61888239,-0.47155769,-1.33318136,-1.83748109,0.08038333
0.40934277,-0.17449531,0.41641346,-0.14577401,-2.19028394,-0.32457828,-0.94687627,-0.43184078,-2.41940694,0.26079312
1.78226481,-1.61099617,-2.18504582,2.10198660,0.79828600,-0.36772929,-0.45747744,-0.01258663,2.80997794,-0.24159807
-0.82406555,-1.09627725,-1.21375734,2.09445225,-0.58730116,-0.27242173,-0.84562454,-0.79552840,1.08780171,-0.91839698
1.78306780,-0.32854405,1.57984783,-0.00870685,0.16686739,-0.83686114,-1.34904273,-2.16017971,-1.38038723,1.87700680
0.18592718,0.62743536,-0.33893331,-0.93346967,-1.10342437,1.09569270,-0.30479665,1.18395304,-1.19337766,-1.97322644
3.13569743,0.50343040,-1.46726762,0.12423126,-0.84048294,3.72692276,0.31901777,2.26786803,-1.42687818,-1.48129873
0.48284940,1.25155615,-0.47078998,-0.72073017,-1.21018203,1.89591314,0.58389569,1.38956023,-1.63401667,1.13409052
-0.35638415,-0.62025221,-0.40995150,-1.86163918,-0.54890011,0.26114478,0.06791339,-0.04537313,-0.51200183,0.50945153
-1.51171210,-0.63313713,-1.14323690,-0.51225282,0.96805546,2.56968935,1.18249901,-1.55835493,0.65143739,-0.33334433
0.23582584,-2.53938592,-2.93900927,0.12086497,-0.41665054,-0.90643008,-2.04146966,0.41204260,1.08043502,1.43492155
-1.23210616,-1.88372821,0.32044958,-1.21704530,0.22587437,0.41688306,-0.21889901,1.04118558,0.54017441,-0.36745935
2.15654040,-0.45427526,-0.87930882,-1.15074442,-2.08836850,0.71817236,-1.79174083,-2.22056835,1.15938079,-0.16820289
-0.56575025,0.47263511,-1.37779744,-0.39342132,0.00325286,1.71488024,0.54384259,-0.73946971,-0.82911703,1.73887605
-1.73247311,-1.65464855,0.06848842,-1.95771477,0.38437115,2.89955507,1.57280560,0.91057138,0.98138472,0.16128075
-0.19928285,-3.40778243,-0.06823305,2.29071225,0.92589011,0.48936152,0.82438833,1.08706157,0.32445707,1.09237647
-0.66511618,-1.97903332,-1.44820577,2.38385497,1.80464463,0.00316818,-0.24069693,-0.68389613,0.99700730,0.71801985
0.52695810,1.63532049,-1.19851131,2.12997569,-2.02580435,2.14231832,1.92885983,-0.04855966,1.04287140,-0.01810618
0.62280204,-0.28356899,-0.89262813,1.52123478,-1.11858476,3.59932231,0.59037908,-0.19197612,-0.60943325,-0.58702618
1.40466982,-1.00192211,-1.80096166,-0.27962910,1.21404952,-1.71538437,-0.81544191,-0.51245493,-0.13845232,1.27921519
-0.84352301,-0.51841188,-2.39452344,0.31021384,1.12943593,0.94645883,0.68360810,1.50835605,-0.46398443,1.54382170
-1.26799464,-0.99154652,-2.11351510,2.03713467,0.06167910,3.01827971,0.82040812,-1.10722301,-0.12905431,-0.29120914
0.51037941,-2.47375675,-0.42715111,-1.50534205,0.84045123,0.30932446,-0.04191829,-2.71890878,1.24502831,-0.59769995
0.95219667,-1.37813918,-1.81075427,2.86607918,-0.76098954,3.13137486,0.34182042,-1.05477057,1.76823144,-1.23448843
-0.36804054,-0.20718537,-1.41911624,-0.23249871,1.21036141,1.43701650,0.13216019,1.48014327,0.41841733,-1.45880444
1.19578285,-0.37968855,-1.03664449,-1.67614184,-2.38601500,1.82957903,0.61087631,0.29568177,-1.11358934,0.67542255
-0.06130094,-1.77687249,-2.00559543,2.31939496,-0.13132804,-0.05443703,0.13254057,-0.41102946,0.46723795,0.13823667
1.13213058,-0.12097238,-1.74282970,0.70628857,-1.08617207,2.27953149,0.53844213,1.11644285,0.80522345,-1.72620464
-0.41950906,-0.71932498,-0.75096411,0.65384860,-1.60074364,3.89933615,2.73477801,-0.56285261,-0.63932335,-1.49481473
0.19769484,-1.59220922,-0.36726373,2.26461872,-0.22429507,0.66330930,-0.60698030,-1.45322005,0.59033637,0.38568034
0.91948734,1.64664423,0.07456592,-1.34955816,-0.67847385,1.25381217,0.56441992,0.08745144,-1.64506250,-0.93712311
-2.85671821,-0.90369114,-1.78144398,1.77825452,0.81601585,2.62581161,0.93380222,2.54225827,0.52261219,-1.60128235
-0.79427766,-0.26742427,-2.16701790,4.05556718,-1.11115896,1.43229069,-0.76789972,1.04024307,-0.65787160,-0.74676969
2.22996583,-0.95191940,0.58572610,-1.29569560,-0.27646098,-1.53344749,0.80956265,-0.52794406,2.28077924,0.50691088
-1.29392218,0.25493225,-0.91289830,0.78780151,-0.15123674,1.76218338,1.32026567,-0.95603149,-1.71671245,-0.08874642
1.56959992,-2.08945817,-0.93082350,0.23965701,1.46260256,0.87965224,0.25820577,-1.65481622,-0.02013819,0.60038138
-0.47036431,0.77265568,-1.07579178,-0.90610577,-2.60096889,1.71084294,-0.30738587,-2.64520133,-1.80896359,-0.05146455
0.55506734,-0.18429967,-1.00602614,0.21046803,0.58427461,1.71701732,0.40686385,-1.12979924,-3.10407867,-0.96118319
3.46035355,0.23557363,0.36877709,-0.63349842,0.46693486,-1.13398204,-0.63812612,1.29952191,-0.90634937,1.64319612
0.00384120,-0.20972367,-0.33212144,-1.62238163,-0.36926145,0.18527257,0.80879532,-0.03123456,-1.03458122,-0.83045557
1.16803831,-2.63078247,-0.86362551,-3.52047574,0.72469608,-0.58836305,-0.70998637,0.47542115,-0.96363320,-0.42854596
-0.20705254,0.30153273,0.18614995,1.49815215,1.90342724,2.55087766,0.64884756,-1.22305023,-2.75755695,-2.30199552
1.22435738,0.02073024,1.22768183,1.01592739,-1.25894839,-1.55178921,-0.58650809,0.11634715,-1.67568542,-0.22925544
-0.01088190,0.94580996,-0.41710770,0.42313027,-2.15142768,2.49938241,-0.37033198,-2.58410518,-2.14624079,0.48861439
0.52096453,0.22997616,-0.89268083,-0.25465671,-1.71043101,1.57561590,0.43674642,0.84681850,0.41044659,-0.12370992
-0.80529461,1.43324299,0.80013312,-0.11093967,-1.73634284,1.61968935,1.90568683,-1.84124536,-1.59421015,-0.78914130
1.59695649,-0.90175313,-0.82227306,1.53702717,0.78272204,-1.34294419,-0.12533576,0.36827426,-1.23023649,-0.26697941
1.01238564,-0.78643411,-0.57326537,1.02952141,1.47788329,1.26059975,1.36169578,2.69853856,0.60792752,0.92036974
-0.20227269,-1.23688854,-0.15045971,-1.76022336,-0.99249319,0.14237034,-2.07369100,-0.85664829,1.72299361,-0.37795828
-0.78778404,-0.51113084,-1.68985509,0.22325778,1.01691758,0.79253461,-0.85925991,2.45095217,1.35295663,1.02428349
1.27865669,-0.80732684,0.03621926,0.60770663,-1.20768396,0.16453544,2.89232840,2.07367499,0.93183561,-0.39461472
-0.46350124,-2.51319678,0.97510459,0.35417531,-1.12210364,0.65966636,-0.45739720,1.13167693,1.67347291,-1.10617710
-0.55404661,-0.39612684,1.05627153,1.69014452,0.27307889,0.67762743,-0.15673030,1.00248875,-3.67742651,-2.12650440
-1.04883004,1.35731948,-0.91869257,-0.55828777,3.18865249,2.37380679,0.32841264,0.37670963,-0.66735789,-1.93362290
1.24935678,-2.12000573,0.30086017,0.82312073,2.74899992,-0.20387835,0.13289765,-3.27760502,-0.22069996,1.56778054
0.61070303,-2.11407654,-0.62650600,-1.02695811,-0.35200683,0.00878928,-0.83375832,1.39206545,-0.08826671,-1.17711431
0.70964688,1.79192142,-0.37035529,-0.81727501,-0.27521610,1.38084716,0.85354754,0.21521223,0.49105932,1.07264901
-0.09190906,0.63117713,0.81492049,-0.16356707,-4.52801891,-1.13180611,-1.00454776,3.07814656,-0.63893584,0.30165691
-0.65597829,1.06568038,-2.04042928,-0.89023704,-0.28789605,2.37591080,0.83955293,1.22319499,1.36711738,-1.47702310
-0.59785779,-2.26012781,-0.59561220,-0.19991782,1.48352258,2.45265418,1.12192880,0.58741363,0.72867996,0.75773628
0.47847345,-0.51138922,0.68704222,1.08972304,-1.11658552,1.99196617,0.72006728,0.77345577,-0.68365100,-0.30852012
-0.89800922,-1.34691859,0.96701342,-2.38405625,-0.57834203,2.32397730,0.68942113,1.61212397,0.46320972,-2.31860178
0.77617394,-0.00967521,-0.10545857,1.28168068,-0.02513766,-1.41119661,-0.63589254,2.12979539,-0.86064338,0.17207241
-0.64571564,-0.99966971,-0.76743198,1.12300108,-1.57102986,1.20816355,-1.13069560,1.51519358,1.37637163,-0.02780710
-1.41958725,1.17693098,0.88272249,-2.70332841,0.66654020,2.16041689,1.32026352,2.65981434,-0.79397097,0.84889768
1.16342440,1.01082738,1.29653093,-1.28214744,-2.42069867,2.40168873,0.17600637,0.70959248,-1.60029426,0.12154497
2.30933732,-0.04495784,-0.18429588,1.35774533,-1.60052222,2.96283550,1.82473404,-0.36601691,-2.08017640,-0.33185475
0.07405651,-3.76036365,-1.04992846,-1.74982549,-0.07766203,-0.01465855,-0.54574485,-1.59923130,1.32581436,-0.80666956
-0.66134757,0.93991255,0.48768250,-0.65593488,-2.84524419,2.96062776,0.75931917,-1.25966052,-0.31071027,0.02453165
-0.20799437,0.36762702,0.79319907,-2.66895622,-2.22443386,-1.26932166,-0.64097132,-0.72126857,-2.47433518,1.17594991
0.92886951,-1.86293131,-0.41419806,-1.43720907,-1.50346821,-0.04534295,-0.12696547,-2.21163975,0.49762112,-0.55169113
-1.71411115,-0.00828565,2.17609535,1.55535415,-1.23410031,-2.12449875,-0.57386215,0.19745166,-1.23304234,-0.23771789
-0.06912129,-0.78699389,-0.71197690,-0.14780485,-1.09229850,0.81691157,-1.38697966,0.47567403,-0.38967504,0.83083612
1.65594951,0.16359801,0.28169861,0.74195007,-1.23665143,1.98600624,-0.00715230,-0.12107423,-3.47278141,0.70296757
0.41929924,-0.72872235,-1.64379855,2.10984209,-0.66979558,-0.71702409,-0.68099038,0.59280396,0.33720456,-1.46217910
-0.14940713,-2.68684865,1.30058270,-0.95376467,0.38876272,0.42140886,-0.72828867,0.07542212,-1.32777381,0.20786865
0.81197109,1.21633701,-1.54921819,-0.64065920,0.22289686,1.85708962,0.39256373,1.20389759,-0.26898842,1.24949790
1.78983739,-0.07223517,-1.45470967,-1.41532862,-0.94794372,3.53260419,0.81581462,-0.73106188,-2.28039783,0.85089262
-0.87921842,-0.58201977,-2.14090928,1.89254663,-3.04599584,2.74481316,1.28839400,0.21871415,-0.39920803,0.18547229
0.71360165,-0.73259745,0.64200968,1.02007621,-0.17166557,-2.32672635,-0.85844497,2.19128371,-0.40639468,-0.79635638
1.41847947,-0.46350325,0.52639310,-0.87720904,-1.45850777,2.10513269,0.15692679,-0.18367630,-1.54812350,0.50482767
0.03681199,-1.90599515,0.61110912,-1.49628342,0.94531550,0.79215865,-0.07482944,-1.41288311,0.03859438,0.38287120
0.97133602,-1.85461358,-0.86671599,-1.77984060,0.83281079,0.18417827,-0.52683165,0.27364353,1.06650534,-0.14792037
-1.65978066,-1.75057897,-1.64840267,1.29749191,1.59822506,0.40544977,0.44134907,-2.33363085,0.04279162,0.41298217
0.85914102,1.02583872,-0.07359059,0.88482375,-0.48310101,2.67490649,1.70992601,-1.96031415,0.38387493,1.39354452
0.03283695,-2.63620845,-1.26353566,-1.26907416,-0.28758482,1.01563442,1.19024852,-0.42613934,-0.53746789,0.36266999
-0.14062628,-1.65008491,-0.53704977,-0.25098790,0.63078914,0.22616810,-0.82251986,-2.06583804,1.57529650,0.15266429
1.36966819,0.81911558,0.26095326,-0.75846951,-1.17206114,3.59768463,0.29223700,0.08790692,-0.99706652,0.48228292
-0.39137399,-2.64504894,-2.15208330,1.54210874,0.74875132,-0.36671120,-1.46061021,0.46846762,-1.67899339,0.24157492
1.76770309,1.45164183,-1.25701682,-0.06196203,0.08656576,1.79048479,2.59132263,1.24896288,-2.10690518,-0.18335763
0.21823779,-1.86187876,-2.04336816,1.71816483,1.76969752,1.56238535,1.86151296,-0.20119350,0.17719278,1.42657984
1.06575535,-1.63824196,-0.69843684,1.21266656,0.76650375,-0.93105435,-1.17752823,0.99733480,1.21148704,-1.79385903
0.87241219,0.34690493,-0.77315595,-0.13959261,-0.01740978,2.43562930,0.75507827,-0.91102425,-3.39970663,1.32830669
-0.07232102,-0.41238119,-2.99873345,0.87830441,-1.67454091,3.27946999,2.45261954,-3.01215532,-0.10411470,-0.30837622
-0.55873745,-1.23448305,-1.42978047,0.57144600,-0.19218433,0.56594912,-0.01338998,3.07183151,1.55976769,-0.85197629
0.47651500,-2.00280138,-2.17120277,0.83973324,0.44224064,0.20017979,-0.72232221,0.59993818,2.44229515,-1.57933866
-0.90009877,-0.48127371,-0.44740089,-0.63159610,0.69825765,0.56425382,-2.00979769,-1.92776656,0.22832929,-0.83839708
-2.35839334,2.64101475,-1.52975463,-0.52769344,-2.48487217,4.64525896,0.30125295,0.45848068,1.93809889,-0.34523564
1.00075826,0.78590448,0.55034469,0.15460511,-1.69971258,-0.70937637,-2.18621985,-1.77718041,-2.27992025,-0.22710035
1.27966898,-1.89614649,1.20534463,-1.60696596,2.65580889,0.80174567,-1.52959027,0.93523442,1.08566334,0.95867739
-0.27351324,-1.30868117,-0.95357801,-0.70050104,-1.40779477,1.07379041,-0.45912390,1.07169831,2.15041930,-0.15432439
-0.21440457,-1.07409431,-0.69922233,-0.77295280,0.66497908,0.21604462,1.50554672,0.28833702,-1.07549559,-0.12503424
-0.66542592,0.33066352,0.75000395,-3.05888646,-0.07450199,0.72322758,0.11002115,1.21674664,-2.25350895,0.91768712
-1.03130335,-0.57274665,-0.93964771,-0.94008272,-2.17279272,0.21260336,-0.53884394,-1.09186044,-1.34013021,0.06763038
-0.51040911,-1.39361924,0.31801448,-2.54733004,-0.59285335,1.16647128,1.14705548,2.27328945,1.19056609,-0.87707805
0.05517127,0.00524718,0.25690674,0.04269263,-0.57658874,0.82873897,0.21019402,1.88716673,-1.73099440,1.15021638
-1.43924037,-1.61422146,0.15248687,-2.62275420,-0.59901619,-1.52105578,-1.32575092,-1.70972553,0.35993272,-0.78872519
2.54576628,-2.80484192,1.81131444,0.34394550,2.14493709,-1.42933373,-1.13551777,-2.44037207,1.94026049,-0.24540757
-0.60489959,-0.19794562,-0.73007002,-2.34909753,-0.63796778,1.14414580,-0.21786282,-1.22245007,0.66330777,-0.32672310
1.79278030,-1.55187200,0.66836786,0.05950257,2.12311370,0.48818336,-0.54204494,0.78422266,1.57804238,0.67611955
0.81478894,0.38925718,0.21175430,1.37386967,-2.08538185,1.02440076,-0.70943327,3.31603739,-1.18776021,-0.16594517
0.20592150,-0.87758251,-0.63577320,0.96751600,-0.92279131,-0.38956276,-0.50422143,-1.39119908,-0.40928978,-0.86678389
0.09315895,-2.04243083,-0.46152952,1.69758541,-0.72797265,0.61956757,0.61041137,-0.50989570,2.52575363,-1.61062900
2.43542696,-1.28980762,0.01530192,0.00352381,-0.66761080,1.97359089,-0.06970420,0.19510524,-0.22641545,0.27334376
-0.59994708,-0.12505233,0.09919749,-1.45955800,-0.71584140,1.36928274,0.95298295,0.98947549,-0.08080227,-2.54718373
-0.18608096,-1.40685986,-1.06556256,1.10940161,-0.17216609,0.79766407,1.13038768,-0.42901372,1.27675763,-0.20931511
0.16796538,-2.91406444,0.32368682,-0.56482142,-0.47776986,0.49142168,-0.39332646,-0.43321208,0.22125878,-0.22341964
-0.65517851,1.12117292,0.02688362,0.29494499,-0.03238126,2.12493685,0.82377002,-2.11917767,-2.35162977,-0.83514787
1.06283788,-1.60283762,-1.14409869,1.10992129,3.98124019,-0.19258683,-0.09383892,-0.94483884,0.34882076,0.70852758
0.49745223,0.87888517,-0.91752507,-0.40703191,-2.09373656,-0.70306291,-0.39310165,-1.04216991,-0.43502251,-0.72668123
0.43312551,-0.25801119,-1.05966149,1.13138859,-0.93206603,1.96300558,0.76945779,0.88014755,0.19043486,-0.85655177
-0.17642186,0.99768287,-1.96418933,-0.65367135,0.43330088,-1.16143163,-1.73860260,3.09805830,-1.54708060,1.87121329
1.82795674,-0.12270936,-0.04405040,-0.86495332,-2.06995374,0.25707142,0.31747130,2.40473502,-1.28070146,0.97870624
-0.46035254,-1.12015594,0.91903094,-1.43299042,0.45724075,0.24011058,-0.24331645,0.49413220,0.82316876,-0.88301038
0.64124902,-1.02523300,-0.17296030,-1.31062300,-1.68878049,1.31711348,0.98205296,1.47682421,-0.78639928,-0.70741256
1.57550901,0.36506582,-1.52471400,1.71309997,-2.93574204,-1.32817489,-1.96906318,-0.55417220,-1.04908507,-0.17872170
-0.16759187,-1.99343499,-1.60939142,0.69940160,1.17645154,1.27390969,0.38789481,-0.94052682,1.85341320,0.73673952
-0.82056913,-0.33992841,0.60588862,0.27798993,-2.18004882,-0.43018881,-0.11413716,-0.54847377,-2.94230547,0.15051175
-0.43790030,-2.44352572,-1.34104206,0.21126809,-1.67154961,0.77321807,0.77883072,-0.65277991,0.13633511,-0.48293184
2.87390085,-0.79503706,-0.30439597,-1.07634540,-0.44126437,-1.25498070,-0.66372742,1.86935198,0.75029051,-0.31849302
-0.15325184,-2.04148379,-0.98445679,-0.60048445,0.67199008,0.22460759,-0.54149022,1.58193252,-0.35058841,-0.19841078
1.39333405,-0.16331070,-2.13292424,2.91839089,-1.50573895,-1.38823437,-1.70478257,-1.77374359,-0.57916392,-0.38916994
2.55260290,-1.02440821,-0.86225920,2.82079010,-1.01553076,2.15572009,0.91980819,0.90402934,-0.29903778,-1.83452892
-0.93894735,-0.09669413,-0.14324201,-0.73308792,-0.35725117,3.36600266,0.57063174,-0.22959759,2.69542467,2.57908047
-0.71425010,-0.91671712,-1.12485930,2.60296306,-1.00456449,0.44623396,0.87355037,-1.10709671,0.55944884,-1.73085153
1.22923317,0.69718633,-1.49943212,2.04051702,-0.62704205,2.45355744,0.92504097,1.08063481,-1.93505327,-0.42324218
0.04584060,-0.94360301,-0.43429103,0.68782709,-0.94578979,-0.10587765,-0.45571387,-2.14959265,0.62270661,-1.06384291
-0.49084255,-0.70951735,-0.76292191,2.31744923,0.80854440,2.12372565,1.61924155,1.23515460,-0.97010598,-1.99093517
1.51326299,-1.67769032,1.13579238,-1.70878789,-0.45178212,1.88934690,1.53111276,-1.98369041,-0.71117173,-0.70730806
1.92373718,-0.94539626,-1.08090398,2.53262025,1.39266213,1.62510010,-0.01265775,2.96457783,0.59074417,-1.88414222
0.79425184,-1.50086771,0.44014425,-0.37713782,1.84983218,-0.50487931,-0.54815937,0.03915198,-0.53787957,0.46888199
-1.10626442,-2.79015912,-2.99159496,-0.29877312,1.49825631,-0.00339013,0.06008583,-1.75751727,2.48240171,0.43042724
-0.01078275,-0.85111298,0.24027417,-1.65171066,-0.00808246,0.77231368,1.56465725,-0.78963473,-1.14045020,1.49099900
0.42551914,-1.84606416,-0.44031643,-1.27851552,-1.22459391,-0.26543640,-1.11456015,-1.61303219,2.50087878,-0.78975292
2.01601828,-1.61938620,-1.20644903,2.49042421,-1.83549656,1.28655562,-0.37728262,0.72079652,1.98930700,-0.78411707
-1.31679264,0.04634910,0.15215839,-1.12713863,-3.65532506,3.08038230,0.26077635,-2.07796935,-3.10088657,-0.02598252
-0.89701939,-1.95517572,-0.57894834,-0.72740330,0.07804432,3.17177318,0.40668204,1.20955965,-0.95861931,-0.06528518
-0.13982152,-2.20493629,0.06128644,-2.55349678,0.25591189,1.24510692,-0.13441037,-1.79493468,0.02833965,-1.67519587
2.20011716,1.11062686,-0.68303705,-0.55745004,-0.74961113,2.27656772,2.14622566,-1.32144902,-1.67234714,-0.27751111
0.62935277,0.80371439,-0.67920435,0.54542805,-1.72535853,-1.61777303,-0.75965040,0.40340535,-0.56641191,-0.01369513
-0.42515047,1.27626266,0.25423772,-1.39503034,-0.12171701,1.87695364,-0.42984977,-1.94267681,0.17723636,1.48048471
-0.68676780,0.35146190,0.43884919,1.33162120,-1.99136442,0.24897171,0.68113293,-2.10106911,-3.33783602,-0.66172823
1.28760536,-1.67813582,-0.32222576,-0.78239318,0.80957229,0.10584747,-0.66924403,-3.62945294,1.01306740,-0.82330203
0.67899454,-0.51745117,-0.87826500,-1.75515404,-1.53479383,-1.12118019,-1.68399421,1.86071530,-1.07036199,-0.00245118
2.23204042,-0.66352028,-1.12729397,-0.75788024,-0.68628485,1.96959059,0.98946675,-2.13562106,-0.13037503,0.14430058
-0.62390642,-0.90315001,-0.97675071,-0.92246218,0.04353699,-0.01807241,-0.10419609,1.81434866,-0.24872434,-0.53166834
1.47810206,2.18193568,-1.75067729,-2.07567636,-1.64625478,1.96882597,1.01652532,-0.07965229,-1.03407332,-0.92736895
0.59406578,-1.05880152,-0.39678875,-0.08352709,-1.70073305,-0.00839900,0.46641598,1.26444909,2.34637921,-1.12590697
1.14915143,-0.30863708,0.13296417,0.68446831,2.49778663,1.07271473,-0.26290257,0.31868767,-2.31852680,-3.03143939
-1.52846973,-1.44426261,-2.28520091,1.86525774,-0.46743909,-0.01235488,0.03868469,-0.51889721,0.98691681,-0.59211236
-1.29498123,-1.09634147,-1.35922457,1.79025253,-0.98556626,1.30900190,-1.35429834,0.30750123,0.35035067,-1.07622115
-1.91790829,-1.55053841,1.14097795,0.80675876,1.25950250,0.49350153,-2.03231272,-1.62524849,-0.06572490,1.57006996
-0.46267838,-1.05749580,-0.01343827,-0.23210753,-0.66234639,0.71799135,-0.59792084,0.44694446,0.59734883,-0.07844149
-1.41637283,-0.30534099,-0.06492569,-0.57565520,-0.95316647,2.34954317,-0.13547767,-0.87139864,-0.29426395,0.58359309
0.27712129,-1.69470705,-1.45930233,1.84847993,1.28490524,1.01223668,0.75321697,1.24115168,-0.14672664,0.75132116
-0.80820673,-0.38239962,0.43194358,-1.42637178,-2.26206504,-0.72256569,-0.59298073,0.81053667,-1.54684161,0.48964024
2.69486808,-0.10320929,-0.83156812,0.54053328,-1.74250904,1.16189248,0.33480831,-0.09938935,-1.08879363,0.78136334
0.41330850,-0.40655803,-1.41699082,-0.25951159,-0.29151252,1.58971353,0.11733830,-0.06086517,-0.70121713,1.10505255
1.28694720,0.28396114,0.14191045,-0.91620511,-1.41809652,2.15103607,0.92347562,-0.12826293,-2.70819050,-1.19251838
-0.35545643,0.04701014,-3.11034442,0.91098775,0.10621779,-0.34031822,-2.20136008,-2.31801814,-0.51284120,-0.51676751
1.63620885,-0.42954720,-2.34360740,2.83880376,1.27070114,1.03740861,-0.19035330,-1.33848877,-0.23955970,-0.39056146
0.18916901,-3.47900975,-1.20759268,-2.90277959,-0.83588726,-0.58574442,0.51588545,1.10164903,1.69436079,-0.37119779
0.97877934,-2.65606725,-0.95509578,1.30203231,0.80324268,0.72954581,0.09859881,-0.39232598,0.21336704,1.38944496
-1.37501022,-1.66254044,-1.84961795,1.27335860,1.66496149,0.13189004,-0.23447023,-0.55296088,1.76172994,0.79219941
-0.01701869,-1.17965280,-0.75126791,0.52453110,0.02562233,0.35149241,0.57996970,1.27942423,0.24665055,-1.04349626
-0.70595798,-3.07677550,0.62806342,0.54067360,0.14104861,0.49158885,-1.69473797,-1.39800951,1.00383286,0.46842504
0.14121677,-0.73577969,-1.58412111,0.81147768,1.85362254,1.39193651,0.53199539,-0.65339910,-1.56517301,1.32982997
-0.03899273,-0.16880234,-1.58631300,0.07378138,-0.92131587,1.79438085,0.36028888,1.63761929,-1.43579929,1.31746997
0.34206353,-1.53513228,1.44642805,-1.59798651,-2.92337983,0.50963760,0.06659144,-0.84554074,-0.10039157,-0.37777776
0.98252787,0.20210572,-0.77932422,0.37500405,0.04556368,-0.73960756,-1.10479274,-0.79169483,-1.63256602,0.49318321
1.77123148,-0.92576895,-1.02392100,1.45971143,1.22281733,1.44854988,-1.31437141,1.89095146,0.19257103,0.02585008
0.71237035,0.36844278,0.10210379,-2.41025009,-1.08955071,-0.08653349,-1.02843516,1.29296082,-1.90036178,1.34890268
1.67494964,-0.92105043,0.67545318,0.88218633,3.30987000,0.80199341,-0.69560638,-1.52072537,1.54388161,1.57940358
-1.17552828,0.62937555,-0.75135587,-0.37767512,0.97529121,1.76805380,1.24088000,-2.04867793,-3.13530133,2.82303496
-0.14278913,-0.11293742,-0.00976669,-0.42329109,-0.75456823,1.47160814,-1.90266287,-0.81127043,-1.25168680,-0.13020590
-0.33305580,-1.96688191,-1.18828492,-0.81938997,-0.11179366,0.44216575,-0.19307017,1.25484005,0.51131130,0.13280227
1.60436294,0.79438901,-0.05414357,-0.73673659,-0.98762245,1.51628504,0.90092990,1.55454648,-2.43880411,-0.20478121
-1.22613218,-2.53197894,-0.69543796,-2.80478296,1.52834168,-0.02067699,-0.83403025,-0.11557845,1.99319222,0.21863849
2.29255910,-0.97234685,-0.17892337,-2.06233286,1.64060266,1.32250670,0.46855134,-0.69747447,-0.90037636,2.63930284
0.32156200,-2.21313942,-1.11266446,1.26133033,2.26621765,0.48756809,1.06829509,1.61487746,1.30140971,-0.18799245
0.68221079,-2.52161789,-0.42720760,-0.81465947,0.27789407,0.99751859,-0.67318636,-1.16374752,0.59988693,0.15273017
-0.39730278,-0.12687666,-0.04264557,-0.33221546,-1.26045686,-0.30491831,-1.00605146,-1.10121474,-3.02812929,0.14428185
0.73940782,0.66790564,-1.16794175,1.41956132,-1.63305748,0.27383088,-1.39124209,-0.16102702,-0.96937551,0.79205539
1.43381968,-1.82497336,0.61369325,-0.53661308,-0.70956418,-0.34575044,-0.36494790,0.03757201,1.99642335,-0.19706275
0.46864290,-0.62303453,-1.50723246,1.60438753,-0.07652479,0.94723561,0.58314479,-0.84109660,1.25388289,1.24221082
-0.57331510,-0.01979747,1.01966616,0.69431846,-1.05845542,0.97001460,-0.34534213,3.16995100,-1.49848901,-1.35354076
1.44871492,0.12770819,-0.54197906,-1.37198323,0.43711792,-0.56508765,-0.78160992,-0.27444601,-2.53028477,-0.91830380
0.12663587,-2.64285389,0.97407432,-1.74522793,-0.37438573,-0.27268243,-0.36124336,1.55258801,1.27669278,-0.51892178
-1.26706218,-3.02417312,-2.27173632,0.21867660,-1.71252017,0.56549707,-0.29581025,0.06478409,-1.69443540,-1.10837499
-0.94882466,-4.24231830,0.12112380,-2.07252126,-0.59876452,-0.27284584,-0.01767084,-0.63094921,3.58571932,-0.52302133
0.72181929,-0.67707878,-1.00223893,1.14751253,-1.85462431,1.29546253,-0.10446611,1.43791302,-0.33641234,0.81619941
-1.33007218,0.87368532,-1.73172666,0.48628127,-0.30373715,2.30068682,2.24483208,0.23606179,-1.29618018,0.28752755
0.09026502,-1.69416525,0.02573854,0.70318618,0.95435105,-2.31855092,-1.87833372,-1.82756449,0.31333524,2.54419403
0.31268535,1.35332089,0.31224461,-1.24673297,-0.11792260,-0.71807764,-0.73984589,0.17514024,-2.03485570,-0.37992050
0.20365352,-2.64525655,-0.78362626,-2.44820818,-0.43716095,-3.26695347,-1.05614657,0.98385949,0.86495207,-0.83561774
0.70802751,1.92732021,1.43481109,0.20044428,-0.66842864,-0.86030984,-0.04756811,1.74452432,-1.64462795,0.76898698
1.28825964,-1.94069443,0.16863860,-0.97185390,-0.48150148,-0.77880784,-0.19968699,-1.87973293,0.57651950,0.84908171
0.32031405,-1.79934062,0.28035130,-1.47173764,2.15668427,0.71838028,-0.21949580,-0.62506979,2.01076338,0.16050225
1.31891057,-1.26508459,-0.41058911,1.04600609,0.43453175,0.42686501,-0.04480996,-2.46432216,0.68957471,0.64869426
-1.95240224,-1.73927269,-1.36020844,1.08678231,1.00231158,0.03318444,-1.07654059,3.49091071,0.50092480,-0.30342346
0.61943305,-0.50973817,-1.72364853,0.28672589,-2.12349410,0.72940913,-0.23171723,0.29496043,-0.71603626,0.92072005
0.18210345,-0.71304820,-0.57361234,-0.97666386,-0.26680824,0.99099853,0.55030198,-0.52361538,0.41110475,2.00994697
0.39158257,-0.01229339,-1.19881231,2.02489992,-2.29455385,0.86216875,3.12633849,-1.64435897,-2.75237350,0.51960356
1.31211397,-0.92572383,-0.15925641,-0.99202937,-0.98064048,-0.28862230,-0.36244554,-2.67710221,0.87830540,-0.14217981
-0.05159752,-0.95038287,-1.71561202,2.42357291,-2.48173653,-0.87399245,-1.92349954,-0.70227911,1.18055359,-0.75905196
0.67868989,-3.86239855,-0.52912635,-0.60738268,0.93642814,-0.71235202,0.06796745,-0.15756543,1.22973673,-1.02375762
-0.54781955,-0.93238079,-0.98314969,0.61938964,0.98690568,1.35520620,2.63435628,-0.94701685,-0.36739504,0.41155073
-0.29986085,-0.93890780,-2.72271064,0.10573774,-1.68111255,-1.11389818,-1.00959072,-1.58414477,0.89319945,2.15419837
-1.30632309,-2.91943580,-1.05445901,-1.23248056,-0.53839690,0.76488876,-0.65560882,-1.27177727,1.23235413,-0.01656005
1.00632181,-0.13228449,-0.70977974,-0.84971848,-0.84431129,2.42322935,1.74386543,-1.18456651,0.53905137,-0.58610308
2.54645961,1.27624192,1.62239232,-0.79797284,-1.20684685,1.79092345,0.04725833,2.10888782,-2.26097461,1.03587032
-0.40994675,-2.24030109,-0.01148072,-0.47917467,0.01366838,0.92490059,-0.71785308,-0.26690407,-0.36399895,0.10335289
-0.34075062,0.89490394,-0.03146470,-0.44089317,-0.93896295,0.91703523,0.15237805,-3.44920957,-0.96042577,-1.64585983
0.79581275,0.00182958,-1.40052979,0.63053700,-0.74487138,2.83465427,2.21861037,1.28495222,-1.45578507,-0.45674907
-1.34837186,-1.26921270,-2.76704932,1.89923992,1.41018865,0.03878715,-0.07346895,-3.86318289,0.30943085,0.92716032
0.15990668,0.36311093,-2.64924982,-0.55448341,-0.64419821,1.25743876,-0.07431856,0.66078412,-0.69197300,-0.70585078
0.41219447,-2.63572790,-1.93580986,0.14284103,-1.99830425,0.36624705,0.02570888,0.44290242,-0.92174949,-2.02562873
-1.38264145,-0.65622864,-0.56630656,-0.58990550,0.04599792,2.18797702,1.37179914,-4.69516041,0.81709840,-0.90392499
0.84124553,-2.25588138,-0.15028836,0.63244468,0.55497796,-0.55133288,-0.77305288,-1.08663378,0.33227231,1.09840898
-0.97638442,-1.38364705,0.09023837,-0.35408546,-0.90381691,0.38450740,0.23408252,-2.26661191,2.36358193,0.66118158
0.71682620,1.76031585,0.15771081,1.34154072,-2.48613480,1.76334167,-0.05846154,-1.73334614,0.45535500,-0.72260767
-0.61644688,-1.27877983,-0.26914166,-1.66834327,-2.03261743,0.85372520,-0.52711753,1.75075444,-1.30774191,-0.53593885
-1.01726398,-2.10793866,-0.50131944,0.37026478,-0.51334951,-0.08997490,-0.66960393,-0.42402963,-1.73294714,1.12778935
3.14461578,-1.77849960,-2.19499317,1.09648503,0.08959163,0.54769672,-0.42631129,-0.83343553,2.02109383,-0.47690280
0.41843050,-0.13555787,0.90161855,0.09038825,1.49009462,-0.58759381,-0.68934877,1.11437667,-1.80616265,-2.10971745
1.54347033,-3.12566679,0.08501096,0.11639128,-1.39062965,-0.35302804,-0.13000484,0.56299158,-0.73859368,-0.86490065
0.48677813,0.20900455,-0.90122134,-0.74827750,-0.65546736,1.40766013,0.28508536,0.50819285,-0.61948903,-0.82524762
-0.24621590,-1.25142269,0.99266971,-2.08297419,-2.23861292,0.61603819,-0.17323516,-0.25167779,0.83801535,-1.26164684
0.74618947,1.25766400,-0.70711691,-0.19834001,-1.45977414,1.86172055,1.16102977,-0.68520919,-0.58105653,0.12252964
2.32680220,-1.01764035,0.10235567,1.17830837,-0.38156649,-1.12262753,-0.84711248,0.89831027,0.46258981,-1.64134137
0.18509565,-0.53699553,1.05010280,-0.64324614,-0.34341495,1.24783407,1.15069680,-0.83816218,-0.52187273,-1.49288717
-0.49011071,-1.32078680,-1.29263430,2.47056936,-0.11477858,2.03898744,0.03807471,-0.92761870,1.23954973,1.27165874
1.07686518,-1.75188362,0.17211003,-0.88216303,-0.68736525,-0.24589267,0.59290821,-0.42335167,1.76323744,-0.06048158
-2.47434814,-1.51024451,-2.13849852,3.08928525,-0.04554821,1.94806613,1.95244662,1.87619744,1.89366617,0.12293313
-0.48396381,-2.18084230,0.48153213,-0.74523463,1.57880374,-0.43634768,0.37119845,-1.64422935,1.27237453,0.89001626
-0.22639184,-0.88076819,0.09259999,-0.50945258,1.37527601,0.92585556,-0.26013486,-0.38289483,0.26435913,-1.15869148
1.17521476,-0.06535637,0.86551477,1.13669982,-1.73787283,1.81537555,0.08240575,0.45052065,-0.58345543,-0.44023300
0.33220346,-0.85972368,1.42739353,-1.57623353,-1.95643752,1.01027176,0.65117473,0.63273204,1.63171987,-2.35272732
0.03692085,-0.67257912,-1.63844639,1.58551035,-0.89025172,0.24807611,-0.00068321,-0.54482129,-0.18602010,-0.34958004
1.28322123,-0.85735682,-0.90926642,0.43631936,-1.41282391,1.69409550,0.59237791,-0.47671697,0.53306236,-0.92259684
0.59146130,-2.30680212,-1.55905650,0.10155585,-1.16472900,1.15907458,0.51923728,0.16618766,0.41297984,-0.38844105
0.50549801,0.06052619,0.12684517,-1.46982558,-1.70844666,1.90641277,0.17360295,3.04993952,-0.63985838,0.07936327
1.05470808,-2.75215919,-0.47694071,-0.44544444,0.26471514,0.72548758,-0.58452110,-0.65307228,0.95483650,0.76282601
0.21156389,-0.01549931,0.55483878,1.33511033,-3.18108415,1.30840988,0.55258769,1.85669235,-1.22969255,-0.09511493
0.72062315,-0.86084656,-1.14202398,0.81452553,1.81690507,-0.45507085,-1.91946555,-1.26151738,1.58048494,2.15310354
0.84072373,-1.71664063,-1.84703867,0.49922492,1.35314606,1.32810077,0.37747700,1.11904434,1.67283834,-0.04533278
2.12439668,-1.06388069,-1.08113500,0.78969933,0.09289098,-0.09608081,-0.25603893,2.28589955,0.27396685,-0.17855650
0.53490339,-0.94427265,0.91155679,0.60430951,-0.85172131,-0.60535652,-0.71139882,0.33586433,-1.39542393,2.31671377
-1.41465785,-2.34253990,0.97947229,-1.54316124,-0.15924676,1.70114133,0.99624276,-0.25347907,1.72307802,0.14033984
-0.43749067,-0.27550561,-0.01892536,-0.91980647,0.36736857,-0.74990483,-0.26903436,0.15457915,-1.15507939,-0.97496956
2.28132359,-0.76737083,-0.82426085,-0.01185897,0.40627896,-0.57260166,-0.36402128,0.34447075,-1.18949010,1.20317873
0.20475414,-1.17677116,0.03596156,-3.35208232,-0.50349362,2.94915620,1.14506812,-1.06841880,-0.26577700,-0.87214168
-0.80183179,-3.09389648,-1.14750392,-2.30612285,-0.73568375,-3.05426963,-0.39832655,-0.92289833,0.03004297,0.83221954
-0.31335371,-0.42754757,-1.07112128,-0.27307121,-1.11978231,-1.26755798,-1.46163709,-0.61957238,0.32566393,0.56490325
1.01688844,-1.93342072,-0.66758809,-0.75245553,0.48280680,0.25879891,-0.55148084,-1.49099788,0.94622443,0.28605560
1.43244946,-0.24775127,-1.02996362,-2.15204491,-2.69886067,2.87431514,0.49347329,-0.73873293,-1.16028169,0.08965535
