0.43182946,0.06840280,0.10931165,-1.52242583,-3.04958885,0.44003739,0.25442837,2.57759749,-1.56747439,0.19804395
-1.02253679,-0.14907190,-0.68847248,-0.15030805,1.70511587,1.65083372,-1.02329594,-0.41478135,-0.00189281,2.35738346
0.07705120,0.89334966,0.95415292,0.57394057,-1.42533911,2.18218882,0.14055695,-1.14153695,-1.74560583,-0.74733265
0.92701734,-0.69211872,0.63763880,-0.54382572,-0.12216833,0.10470613,0.19033411,-2.25875165,0.81712177,1.94705729
0.73985425,0.09905402,0.37672174,-0.66107337,-1.35841726,2.82268834,0.66005686,1.65713324,-1.31807408,0.92504621
0.85049429,-0.67556285,-0.71474739,1.98329239,-0.23912607,2.46573215,0.06245758,-2.17908992,-1.26259738,-1.15897530
-0.41080668,0.11034363,-1.00845591,-0.05326427,-2.42108150,0.45880144,-0.65462033,-3.38330050,-0.78113974,0.01526856
0.01214863,-0.95007174,-0.24553878,-1.07902812,-0.87778774,-1.61736208,-0.58808309,-0.72537181,-0.25107641,-0.50852063
-2.04935206,-1.04161727,1.00451994,-1.26236668,-0.52100795,1.33904195,-0.26965497,-0.49954173,1.58127754,-2.04742929
0.76387041,-2.02089317,1.12284501,0.15831946,-0.41649805,0.42781060,-0.44823965,-2.08176440,1.57371658,-0.68052891
-1.41756632,-2.52375391,-0.67064503,-2.05552886,-2.15998435,0.10691532,-0.20730742,0.02909045,1.20466181,-0.47711033
2.11365882,-0.03091459,0.05450965,-1.76751553,1.40266408,1.73732457,0.50752406,-2.98725735,-2.25434231,1.58755093
1.58917108,-0.44412476,0.35976053,-1.24953640,-2.09228634,1.57492697,-0.10419857,-0.04847734,0.39289464,-0.46238350
-1.28149643,-1.61266866,-0.98980153,0.52339564,-3.36185000,-2.36453479,-1.87627417,0.72161348,0.38654291,0.18195990
1.32022827,-1.58290256,1.47180683,-0.03834834,2.62334526,1.71878499,0.76852249,-0.95960942,-0.39790918,0.35679265
0.72982607,-0.40919364,0.45628666,-1.95357105,-0.92206302,1.59361679,-0.68935522,0.15923362,-0.21016774,-0.23382366
-0.81860813,-0.97993541,-1.55214601,0.78180170,1.35881977,-0.23748433,-0.93153537,-0.80343390,0.37717708,2.18918892
0.24717918,0.09665972,0.07357599,0.73884754,-1.17912969,1.16107693,-1.44110983,-2.47118074,0.43610397,-0.33104012
-0.66881621,-0.71363222,-1.59968376,0.55993830,0.27597533,0.67593302,-0.01009622,-0.77405268,-1.09324668,-2.15695769
-0.03793045,-0.56583535,-0.58735450,0.03573959,0.91694079,2.00111823,-0.13214199,-0.96278205,-0.04805986,1.09991428
-0.85894859,0.09703872,-0.19899588,-2.02972388,-0.59810091,1.24484014,0.58644315,1.49716575,-0.56454200,0.97189239
0.74216137,-1.98989664,2.70000595,1.12145581,2.45008734,-0.61103461,0.31186057,2.06317751,1.06162671,1.23502595
0.97979927,-2.45988014,-1.08256796,-1.59417247,1.83536111,-0.68688291,-1.03114833,0.90972151,0.22281717,-0.40856410
1.12960323,-0.84552746,-0.57610671,-0.22002637,-1.72085788,-1.24297143,-0.71737524,-1.14007204,1.39868824,-0.13914651
1.80362798,-1.22958066,0.68449951,-1.48254985,1.16186221,1.87507453,1.37746205,1.51417997,0.21138051,-0.21511708
1.63432356,-1.64687242,-0.22791288,-0.52881593,-0.23703890,-0.70892688,-1.25087887,-5.29152689,1.45559466,0.54384852
0.16118429,-1.10714459,0.31717211,0.63418231,0.46676823,-2.44744091,-0.12750766,1.58270206,1.07699692,1.06894458
1.59921853,-0.96734152,-2.70845755,2.59621553,1.08621415,0.42777555,-0.03609268,-1.04928956,-1.38043348,-0.84001606
2.10710955,-1.83683031,-0.93887475,0.11886096,1.12960083,-1.43105651,-0.55819918,1.15996055,-1.89249181,-0.11658005
0.79608907,-0.99358736,-0.47495525,1.04471728,-2.76695666,2.75888152,1.32391044,2.44223108,0.67017873,-1.50289646
-1.58572980,-1.58702177,-1.76348642,4.08072985,0.04837251,3.01904051,1.35484696,-4.29429295,-0.89865851,0.07834892
2.08202204,0.93170576,1.24613475,0.96636106,-1.08187957,2.07952045,0.85590772,-0.95441975,-1.85226178,-0.79353974
-0.34606814,-2.67392030,-0.21457395,-1.28055483,-0.69207157,0.57792496,-1.11899318,0.49673508,-0.15344535,-0.03321770
-0.33635833,-0.95248497,1.16478896,0.96911537,0.63438666,1.56053419,0.77283492,-1.51304074,-0.04708060,-0.46497644
-0.63785411,-1.76922990,1.45544971,-0.97561584,-1.10151925,0.50709856,-0.72718679,1.00495433,2.18111751,-1.12735090
-0.34380260,0.78951862,-1.26444338,-0.11826849,-0.48790417,2.21860460,0.78184474,-0.70974721,-0.72348754,0.87482683
1.05260469,-1.62081990,0.14252077,0.38459361,1.67244981,3.33841908,0.65647022,0.41787341,0.73773152,1.15379800
-1.24016842,0.15636679,0.62590406,0.32003720,-1.36832132,2.28329092,-0.02889419,-1.55501860,-1.77352854,0.49215501
-0.49117128,-1.50492510,-1.21764907,-0.44123137,0.98202492,1.39476459,1.07929816,1.11195004,0.02933943,0.33356862
-0.37697979,0.23834983,-0.43758662,-0.39782686,-3.08423144,1.76296371,-0.22015793,-0.59392348,-3.22273218,0.59679103
0.53533795,-1.28621551,-2.03098106,1.60842827,0.41740165,-0.62625403,-1.04755023,-0.67039719,-0.45683090,0.67645141
-0.26312823,-0.36007416,0.69985504,-0.59902988,-3.05349340,1.94615343,-0.06427153,-0.63766923,-1.33239870,0.14542754
-2.17944744,0.69491728,-0.98484170,-1.60908854,0.78530006,1.60899336,0.14721884,-2.84461697,-2.11803685,-1.51636888
0.42482529,1.97887388,-2.00400047,-0.85049198,0.81375428,2.16995066,0.46519499,0.22418168,-0.93658604,-0.60453808
1.09087925,-0.42176145,0.00516377,-1.35514633,-0.65800077,1.14809545,-1.30231978,-1.09003921,-1.96009105,-0.96888654
1.06238779,-2.38601691,0.32473991,-2.38195640,-0.74795607,-0.15284827,-0.42357812,-0.28617763,-0.35440273,0.72647525
0.15214244,-1.37950345,1.11054223,-0.64485614,-1.87395724,1.54047361,-0.84568060,2.60451064,-0.32682674,-0.54103365
-0.72740475,-0.84625304,0.73382206,-1.94318916,-0.89239479,1.51890602,-1.67944652,1.36695360,0.77663031,0.49108389
0.54600069,-0.05698878,-0.02857516,-0.94077254,-1.23099513,1.14765084,-0.54566029,2.52199143,-1.00279844,0.44357898
-0.02098551,-0.18648201,0.68117195,-2.09060969,-1.75434174,-1.34146482,-1.92204114,2.88526948,-0.99285207,0.90021588
-2.38383482,-0.71543843,-1.45090863,1.50529940,-2.50039478,0.14935948,-1.37102558,1.38624389,-1.82042020,-0.09390737
-0.03333867,-1.09497017,0.06601016,-0.07233168,-1.04792663,1.33275966,0.04071861,-2.92999194,1.04499094,-0.77594463
0.49812247,0.30850349,-2.44054087,-1.15811272,-1.04970285,2.13166499,0.95477826,-2.07009494,-2.44635309,1.75592190
-0.32117011,-1.99242694,-0.71838807,-2.48759833,-0.45650259,-0.57257416,-0.26241694,-0.43085103,0.91110902,-0.46651379
-0.68371948,-2.81400486,-1.15313678,-1.57808197,1.27548089,0.48937598,-0.97874781,0.32925766,-0.48446750,0.24790189
1.40370873,0.49757571,-0.52946117,-0.52512947,-0.20534914,4.31831899,1.67449342,-0.09447707,-0.65455422,0.67546869
0.27804242,-0.75255576,-0.07086800,1.58715703,-1.97889464,-1.09614631,-0.64631849,1.84035715,-0.66864809,-1.46409030
-0.25365045,-2.95383120,-0.97515683,-3.28090782,0.66849261,1.05657210,0.68053649,-2.54386030,1.07802608,-0.06939057
0.25075273,-0.30020494,1.23743197,-0.26405875,-2.84475070,-0.64070233,-0.09453923,1.03463857,-1.52236176,0.90297443
-1.20592699,0.83323404,-3.00183019,2.86395378,1.37357605,-1.78643386,-0.21384679,2.69606050,-2.07830559,-1.39729617
0.85517024,-0.66737578,0.64786473,-0.58317696,-0.51874067,0.95021463,-0.35951401,-0.60063189,-0.59606153,-0.15199802
-0.60483718,-0.63563211,-1.32339640,1.30725656,0.41029485,2.46067519,1.63855391,-0.43131536,0.73552287,2.86408502
1.04310538,-0.55820786,-0.26169298,-1.24788183,-0.44477907,1.64244812,0.57974958,1.18637021,-0.27285000,-1.29240376
0.89697479,-0.18878706,-0.63842266,0.45571550,-0.90551665,2.80673926,1.97780189,2.52899143,-1.76003043,-1.40290737
1.43310893,-1.31750211,1.17326349,-1.39191172,3.05333925,1.23302257,0.13594046,0.06067590,-1.22059753,1.55211277
-1.56987008,-1.47718108,0.27673963,-1.39243858,-0.78277131,-2.62804132,-0.74783584,0.49173505,1.47577037,-0.35126542
-1.15172995,-0.23969252,-0.27978862,-2.41699496,-0.68309501,3.25050573,1.01616886,-0.70836733,0.21850737,-0.82529192
0.80627988,-0.97868692,-2.11053998,0.03144383,0.40861074,-0.80068897,-0.75689632,1.41367773,-1.06113328,-1.24440538
0.95896217,-1.94999206,-0.96101988,-1.21225539,1.94982583,-1.52943963,-1.43717866,-0.94443130,1.54476321,1.59969668
0.13272329,-0.09199349,-1.32541061,-0.03485109,-2.82136181,-0.31998496,-1.01050757,-2.86937633,-1.55498732,0.83956978
0.54974632,1.33984147,-0.92300327,-0.02882017,0.29028190,1.55314062,1.19063169,2.95364658,-2.39589266,-0.23974683
-0.84319047,-0.67205294,0.35929267,-2.62957761,-0.53370912,-2.44313475,-1.63852897,2.78829362,-2.07075529,0.52351496
-1.72747077,-0.35783550,-0.01407579,0.51069059,-3.06488035,2.17181880,0.53747121,-1.27526397,0.14830624,0.55142725
-0.38895225,-1.70003553,-1.71877276,2.14030309,-1.07238022,3.18061003,0.88227242,1.32636297,0.20416255,-0.52996852
0.44038313,0.27075168,1.09110668,0.14325675,-1.66611405,1.77736461,1.27029584,-0.82287208,-1.21708048,-0.25770409
1.19353264,-0.12028767,1.55417735,0.18602607,-3.46822326,2.22753877,0.35819461,0.71820782,-0.80378653,0.27454910
2.24783691,-0.87576156,-0.41038659,0.97206460,0.86670179,0.87968214,1.30802556,-1.28087550,0.79058053,1.33074402
-1.56092176,-0.35442280,-1.03466516,2.30374751,-2.20532980,3.09995812,0.87173678,-1.49184561,-0.92780412,-1.12557030
-1.08367867,1.51423772,1.32423942,-0.79213531,-1.21970525,0.43312349,-0.48323553,-2.28700341,-3.82295960,-0.21635702
1.40549577,-1.85181519,0.95916766,-1.54768499,-1.11159167,0.80808833,-0.04457330,-0.13472614,-1.28085201,-0.35515849
0.62232060,-0.03859542,-1.18016088,0.56993755,-2.13096731,2.90674570,1.26613694,-1.14481057,-0.60284998,0.47966691
-2.05771480,-0.77127489,-1.69498055,2.55628059,-2.59785269,2.09404796,-0.17569357,0.13900735,0.58857675,0.00771628
-1.39226060,-1.71052999,-1.17732417,-0.51132881,0.16903048,0.31017254,-0.20794704,0.76458904,1.62222331,-0.48255282
-0.55394856,-0.23646726,-1.10236204,1.44829419,-1.80221345,0.77868493,-1.22980199,0.68843024,-0.11711588,0.13172790
-0.09322704,0.19094090,-1.29863944,-0.04019371,0.17588465,2.39497545,0.54212253,-2.00688321,-1.65418829,-0.63448017
-0.67190410,-1.40961005,-0.25287820,-3.07635348,0.51377786,3.03514534,1.02634574,-0.02019103,1.38629968,-0.20953668
1.44357081,0.24383182,0.11273185,0.48621928,-1.31485076,-1.34682323,-0.84826444,1.14961828,-1.82784965,-0.26692488
-0.57476193,-0.71877915,0.57936547,-0.31985920,0.06235604,0.37729653,-2.00242455,-0.01003792,-1.08416313,0.43887308
0.52812946,0.67484597,0.71958294,-1.39283260,-1.19428583,-1.49945314,-0.55650588,-2.07624777,-1.03551926,0.18855236
1.05745555,-2.24206581,0.11914266,0.02434484,2.32377949,0.53146839,-2.02381895,0.71994940,-0.39958980,0.80616891
-0.48272241,-0.51826678,0.76701180,-1.36515848,-1.75665640,-0.21067832,-2.79603837,0.30110554,-1.21177650,0.12088799
-0.08909141,-2.80660874,-0.74029773,1.89912678,0.71615940,1.29879342,-0.38643895,-0.56335194,0.42062409,0.67790666
-0.06332837,-1.62966470,-0.85393205,-0.92610117,0.76653875,0.47638261,0.12599643,1.09966204,3.15802637,1.19692642
1.14914652,-0.17924947,0.18979983,-1.73723132,-1.69268050,-0.73336236,0.00756780,-0.08382503,0.00103371,0.27118960
0.16167178,-2.45708372,-1.23501904,0.49448403,0.73495748,0.11574097,-0.58118898,0.12596964,-1.07585095,1.60316135
0.73144500,0.87429717,1.33193305,-1.82577794,-0.92160582,1.50798853,1.29549486,0.15331260,-1.39475477,0.27478521
0.96600879,-0.25722096,-0.01915237,-1.52220744,0.47467293,-0.53444669,-0.45907147,-0.04711040,-1.23904928,-0.36282775
1.09341894,0.93735813,-0.91826233,1.03558398,1.03486914,1.43120065,1.03108961,0.33475108,-1.59541664,-0.52052684
-1.32889513,-0.56602378,-1.65910014,1.11441864,-0.99623456,-0.17212798,-0.04845379,-0.05315574,0.39199032,0.33919643
-0.30961686,-2.32208697,-1.20711582,-0.84871465,1.60821665,0.47907946,-0.24887658,2.66814994,0.75049668,1.11510743
0.81943735,-1.31463062,-1.82118583,2.87093075,0.54141473,0.92541889,1.52409493,-0.21929931,1.36367794,0.32062462
-0.32834463,1.10897158,-2.34971331,1.44007642,0.73206930,1.39122631,0.22321173,-0.65723436,-2.60168898,-1.87072854
0.60604270,-0.44497164,-1.46735264,1.27217459,-3.07673872,1.49071206,0.97680184,1.06781857,-0.01779804,-0.25265745
0.08158089,-2.28882724,0.46929499,-1.05099652,0.48493019,0.41785797,-2.03868346,-0.45824988,0.63017749,0.71152316
-0.46514978,0.58579492,-1.47813848,0.39152455,-0.87844449,1.88451760,1.18333500,-0.72194591,-2.72927203,-0.26454128
0.14767644,-0.14135568,0.32705422,-0.39916272,1.97491193,1.01004749,0.45090180,-0.56136588,-0.61314796,-1.09407237
-0.29101277,-0.28504629,-0.19996903,-1.02401623,-0.74275560,-1.93043307,-0.85960897,-0.64720972,-0.88343290,-1.02983636
0.39363124,-0.58857524,-0.74764406,-1.58218905,1.38451000,-0.94944247,-1.60298434,-1.46159793,0.44722258,1.66330862
0.71529991,-0.84352105,0.04590072,-0.75894114,-1.09259215,-1.51177702,-0.23054466,-0.74312191,-0.70630482,-0.92069291
-0.50876580,-0.82799540,-0.83819356,-0.09787680,0.91171920,2.35514880,1.60117560,-1.18819167,-0.39292853,0.43721608
1.12916708,-2.19651881,1.24085193,-2.19430146,-0.69922589,-0.61269102,-0.31680042,0.46318270,0.10744912,-0.50395790
-2.05307286,-1.88235498,-0.68436721,0.74291947,2.19113650,0.37146106,-1.12454992,2.33434721,-0.28431987,0.44157458
-0.89073088,0.63470820,0.07241046,-0.63282153,0.78767816,2.54165441,0.46328763,-2.36595054,-1.24819666,2.33292828
0.90184999,-0.06588488,-0.85512779,-1.39652077,1.15712814,-0.11064091,-0.11582930,2.50877888,-0.72504890,-1.07903312
1.11165943,1.93165339,1.08669563,-0.13221864,-0.56684094,1.32361550,-0.20610530,0.21663048,-1.41925392,-1.33347222
-0.14444708,-1.37905995,-0.15948188,-0.78509376,-0.62446061,0.51037370,0.46379766,-1.55733934,1.19053097,0.05163208
0.40143110,-1.07945929,0.29957477,1.05210142,-1.10418751,1.00554554,0.81231699,-1.03583806,-0.17395745,-1.78016967
0.27476997,-1.45983300,-0.96769635,0.16351202,-0.11921063,0.30567449,-0.32463577,-0.61726625,0.86219549,-0.84640910
-0.17456607,-1.10044104,0.48056421,0.28049209,3.40021691,-0.01843330,-2.74405221,0.83285234,0.89592371,0.79436746
-0.29226764,-0.14615575,-0.88517272,0.13389979,0.73054357,1.55071517,0.78055246,-0.40179118,-1.80971476,-1.94154066
-1.80280835,-3.02492824,1.14735812,0.00623698,-1.06500383,0.63426936,0.06055632,-1.64326540,1.66729879,-1.26757342
-0.19848508,-1.09360504,-0.59298774,0.46940359,-0.04775785,1.25133062,0.84189415,-1.78161040,-0.40734756,0.33707622
-1.60147330,-0.26584201,0.64971275,0.03148599,-1.38511246,0.94165932,-0.05322869,0.21095013,-1.51115823,-1.00658351
-0.13259306,-0.96085832,-1.95155945,-0.37141579,1.29785796,0.16573961,-2.39677261,0.11172056,0.13781612,1.48251343
1.40551418,-1.02453177,-0.91470427,-0.38659945,-0.83095760,0.55588300,-0.74643032,-0.90143561,-0.43921560,-0.13591846
0.03135346,-0.37693791,0.51819962,-2.53759513,-2.18268483,2.03384480,0.39851080,0.23875255,0.35097857,0.64128183
1.59482458,-0.98750624,-0.60834371,-0.35490106,2.07529533,2.12694943,0.05219401,0.32543047,0.12629557,0.56895335
0.16854266,-2.00714042,0.13288901,-0.97671789,0.69476817,-0.07426172,-0.74835304,-2.63837291,-0.03232196,-0.41814212
0.43750987,1.04697470,0.16891996,-0.89953338,1.46397364,1.10496601,0.67262371,0.14871703,-2.82370687,-1.78024281
-0.27517475,-0.01497333,0.01486803,-0.54776147,-2.16603999,-0.47165571,-0.63964009,0.14301589,-0.05859356,-0.19932445
-0.80407609,-1.50470430,-1.45741726,1.66620746,0.44181589,0.71803756,0.08542332,-3.01133671,2.24289606,0.43789391
-1.00954535,-0.97408858,-2.01033559,0.39263818,0.41227822,2.46929852,0.77503094,-2.00683179,0.67599380,2.37210985
0.61958795,-1.22356120,-1.79139529,3.35523563,-0.06778936,0.31248504,-0.91290935,0.67562842,-0.61844500,-0.87961649
0.95199944,0.71814904,-1.69553987,-0.30546139,-1.46509723,2.61622005,0.43579671,-1.60690915,-1.81047408,-0.58991208
0.41231357,0.29150926,0.33341536,-0.55777150,-1.57282167,0.70927020,-0.15010559,0.40050969,-0.42786509,0.13889143
0.19612934,0.11125749,0.09069717,-0.42642175,-1.63258037,1.39378446,0.40636338,-1.63755917,-2.17839259,-1.17926406
0.02147580,-0.00491194,-0.77347664,-2.48757074,-0.98544578,1.40665807,1.16472351,-1.53548369,-2.28932797,-0.99141182
-0.30454674,-0.51178689,-1.25437964,1.24602969,0.61050353,2.97225063,1.84809055,-2.86666588,-1.03572874,1.46144089
0.13358579,0.10600453,-0.91417580,-0.52342002,-2.34781994,2.84593691,1.56764209,-1.39643831,-2.05726194,0.28039793
2.46812681,-1.88220506,-0.31710312,0.01130264,0.80532087,-0.56600918,-0.83095462,-0.37437102,0.85681162,0.81103270
3.68415146,-1.21209186,0.09516970,0.70238935,3.23147772,1.63358491,0.00113594,1.40966075,0.74270641,1.46129611
0.18434591,1.89406665,-0.28770136,1.61360790,-0.07143174,1.60559321,0.08205088,-2.63429349,-0.46393339,-1.98975439
0.79170939,0.19101836,-1.90253969,-1.05654452,0.97485725,-1.61564873,-0.55762520,1.33281468,-2.02703893,-2.15320863
-1.50535627,-3.24047930,-0.34594107,-0.67477659,1.50747703,-0.09486957,-0.17841689,-0.03629094,-1.61082240,-0.88787977
1.73780856,-0.49601158,0.71558728,2.09464962,-0.65948881,-1.10801065,0.12106947,1.01424129,0.22824941,0.06954659
1.38184294,-0.22740559,-1.01934500,0.86129974,-2.82293412,-1.82390968,-0.64285224,0.48920771,-0.48338420,0.71888884
0.84697132,-0.30634419,-1.66561049,2.52144035,-1.98849711,1.55485739,0.78190623,-1.02291555,-0.15689249,0.08736360
-0.52417542,-1.58965659,-0.06501136,0.25651097,4.58191681,-0.75891782,-1.01087978,-2.94577928,1.32438602,1.80507890
0.77636839,1.78818585,-0.30658250,-0.64473367,-0.95899031,-1.42652748,-1.42352996,1.85040410,2.14007838,1.27787071
-0.32742885,-2.00434247,-1.29293258,0.17287304,1.86869824,1.11353608,0.50845874,0.03409882,0.90391257,0.34283015
-0.51272036,-0.42994868,-1.59792138,1.03326278,1.17028374,2.19693564,0.94000933,0.62571676,-1.89205361,-1.44967039
1.73242945,1.63986222,0.54489777,-0.89180013,-1.38869349,1.75100285,0.34841668,2.37310610,-1.08713838,-0.16161259
-0.69811138,-2.27593445,0.95044727,-2.10087198,1.77176431,0.41807416,-1.06882157,1.47855640,1.17776243,1.76134018
-0.43545004,1.05021870,-1.66038703,0.37871472,-1.43687428,0.15424868,0.11503320,0.75951824,-2.85878080,0.02587434
-0.78606962,-1.54915668,-1.32913629,0.77157365,-1.40872323,0.27699818,-0.30447086,-3.05276633,0.03975648,0.11454013
1.20618414,0.34194856,-0.75303587,-0.10547353,-2.84140888,1.52735914,0.57822514,-0.63983737,-0.11108921,0.55049675
0.18309587,-1.08056105,-0.49005271,2.15195483,1.20195903,1.27008913,-0.86818457,-2.45760814,0.98203721,-2.06397307
0.81999678,-1.13246898,-1.86938436,2.30522104,-0.28275106,0.40644037,-0.82296526,0.23105903,0.74727366,-1.21095778
-0.69158820,-1.11498104,0.61816838,-0.38873541,1.17119485,0.95404260,0.66248387,-0.33072098,1.32533576,0.35482002
0.40892405,1.53112648,-1.28327950,-1.72414314,-1.76779039,-1.67477973,-1.85902400,-3.55258153,-0.44684470,-1.03443979
-1.00792190,-1.61602576,-0.88564817,-0.48136328,-0.82695830,1.09723031,0.56739280,0.51608805,0.24881608,-1.04213294
0.25644852,-1.92173921,0.13375846,0.58524757,2.78867861,0.42845535,0.38271088,0.36837670,0.35283038,1.19490844
0.74603023,-0.37336379,0.42364048,-1.31874233,-0.23409430,3.02643427,1.27133381,2.54826447,0.02878695,1.04655827
-0.66431265,0.26889162,-1.06893599,1.26582866,1.89987681,1.61395055,0.10810089,1.26246196,-1.90422995,2.95420997
-1.05041204,-1.56405291,-0.09671417,-0.10733184,-0.15434170,0.39307723,0.34137853,-0.55672001,-0.10365679,-0.32201896
-0.34600077,-1.16128416,0.11904628,-0.33627876,-1.49079107,1.40566159,0.93958609,-1.21196558,-0.33391394,0.53816003
0.74361551,-0.23066038,-0.54933981,-1.92362374,-2.30181542,2.17076193,-0.13398917,-0.24313360,-1.12193815,-0.92480160
-1.10092015,0.17374159,-2.03855322,0.86564434,-0.14760931,1.28711165,-1.58503022,0.51184511,-1.68437022,1.27062097
1.79921356,0.01469655,-2.71258491,1.42313487,-1.90655447,1.34268817,-2.03603829,-2.74224984,-1.83002670,-0.37388833
-0.23531328,-1.21678771,1.85909654,1.39831299,-0.98163866,0.66382052,-1.22702422,1.52709252,-0.30025583,-0.85835969
0.38659305,-1.05569659,-0.96299385,-0.73907403,0.55653290,-0.45785743,-0.76568164,-0.19809176,-1.74466348,0.70266695
0.93327028,-1.14114912,-1.94620885,1.29930565,1.11193870,-2.13551586,-1.32443541,-1.30421856,0.30930152,0.02640723
-0.58511233,-1.14721971,-0.16548444,-0.02361561,-1.37089058,1.65369235,0.84314524,-0.55522607,1.92977523,2.74791104
0.52997920,-0.12457843,1.10806208,0.55736107,-1.54153641,-0.91052208,-0.29239824,3.47034255,-0.73707668,-0.47971657
-0.96892145,-1.63469440,-0.74053997,0.52549904,-0.95285755,-0.04438747,-1.21638873,0.90556792,0.75503470,-0.59173746
0.87001927,-1.23010059,0.59738858,1.32943751,-0.86783295,2.74351303,1.25986599,1.90214606,0.85778439,-1.25949753
-0.66125505,-0.99495314,-1.39184554,1.78523938,-2.36100921,0.67769705,0.46769755,0.74753134,-0.80830236,0.57076711
0.09058755,-0.73907270,0.80221533,-0.83075724,0.35805158,1.17559339,0.69770648,0.87188499,-0.63968325,-1.05120626
-0.14081111,-0.11369427,-0.06512672,-1.44018080,-2.88074296,1.40163775,1.36012459,0.36341323,-0.43633028,0.72391805
-0.30263400,-1.18133723,-0.38641525,0.23803235,2.00509705,1.58363777,1.91455615,-0.61369030,0.31744745,1.05872793
1.42624743,-1.55239890,-0.88440494,2.34741511,2.18943594,-0.18686446,-1.28592625,-0.52423326,-0.94415519,0.91582238
-0.99007517,-2.06094829,-0.86072481,0.74613693,2.18011477,-0.14600180,-0.62325452,0.01236872,0.96720446,0.65997102
2.07366682,-0.11940380,-0.67322057,0.70577992,-1.07555621,2.02886553,1.00379570,-0.44436615,-2.05772809,-0.51261950
-0.27747459,1.52481100,0.36182381,0.16223328,-1.91911060,2.21456276,0.86397940,0.74958700,-2.02987287,0.44028250
-0.36964354,1.36739352,0.97776416,-3.52459878,0.61447694,1.52679056,-0.45676092,1.10787418,-1.08647854,1.44400513
0.76006953,-1.73671798,0.08348824,0.62211281,1.23961216,-0.04090479,-0.04609968,-2.16502676,0.75907796,0.75365709
1.22417703,1.64151876,-0.72776269,0.63540014,-0.72009867,1.42651594,-0.17189348,0.02651938,-1.95212613,-0.03540952
-2.10831314,0.77002945,-0.61212964,-1.68633939,0.81451416,2.52353865,1.06815935,0.17535789,-3.24748103,-1.84814000
1.14145466,0.68184416,-0.48915806,0.54447449,0.99680395,-1.16294612,-0.70071737,2.40846509,-0.71492879,-1.79450185
-1.38628471,-0.77491167,-2.56273921,-0.20125486,1.58134733,3.25704398,0.81228860,0.38590819,-0.80478058,1.15577895
-2.51496148,-0.51657325,-1.38756474,-1.37007371,0.77192151,3.00606758,-0.30342997,-0.52151903,-1.82813790,1.38615738
-1.55544996,0.25811157,-0.12350638,-0.30907213,-3.03097652,2.68407327,1.74329713,-0.99381959,-2.54665700,0.28550383
1.34720746,0.69303285,-1.20360261,0.88849226,-0.50717026,2.35043202,1.28786002,0.90104486,-1.74731195,-0.36959691
-0.71490962,-1.40333283,-1.56581516,1.38037051,-2.56659631,1.07369195,0.10506841,0.13672258,1.69655736,-0.80313700
-0.26097605,-1.09207209,-1.30601785,2.13903475,-0.09657154,2.50693489,2.65280088,-0.36964559,0.52923866,-0.18840129
0.52496671,-0.78161709,-2.42943453,4.65836638,0.25087882,0.64279330,0.20134947,-0.78248470,0.05179313,-1.01150822
-0.62259314,2.25333774,0.57279758,1.14448444,-1.20141111,4.64306564,0.93141586,-0.81992283,-0.01532680,-0.76372947
-1.89897099,-0.08474282,0.42079414,-1.92649557,0.34657945,2.15720326,0.30985332,-1.92841268,-2.82785451,1.52238773
1.90929960,-2.38265537,-0.62811033,-0.01745346,-1.54880670,0.08714281,-1.57559596,-2.72888222,2.11364679,-0.18065407
-0.24018391,-1.43178895,-0.22446353,-1.14881996,0.49347764,-2.50767917,-0.47025920,0.53360325,-1.23995894,0.17156646
-2.15567036,-1.40026557,-0.79121009,-1.62232920,-1.02540832,0.74733599,-1.73727131,-1.35596161,0.83394195,-0.05668418
-0.57439106,0.27396451,0.78985321,1.61675601,-0.55612688,-0.32522727,-0.61284307,1.55072756,-2.12436945,-1.85305420
-0.08079681,-1.56792789,-2.71310947,0.07328580,1.06593198,-0.56994690,-0.46987341,0.22162072,0.14806867,1.49844415
0.32565165,-2.07514294,-1.14361009,-0.36063037,0.79786454,-0.53360921,0.00375238,0.10226993,0.57889739,-0.24841029
0.41798817,-2.01409857,-1.49784465,-0.02438179,-2.88997216,1.30941642,0.08307348,0.10159040,0.50849004,-0.07940476
0.65284499,-0.36626829,-0.97063454,-1.35800173,-1.79427461,2.00173599,1.14562430,0.42584905,-1.49232861,0.80467097
3.80098832,-0.85098253,-0.73504750,0.22024074,-3.61177454,0.39949202,-0.86550845,2.27528370,-0.93970371,-0.90153167
0.60121878,0.22113519,-2.04297106,0.44675422,-2.22608384,-2.22349104,-1.00896991,-0.60418295,-1.41491710,-0.05013805
1.24887479,-1.23448869,-0.15224957,0.79243390,0.28646745,0.35126229,0.01849768,-2.49627483,0.78371598,0.91625514
0.32075321,-0.96895740,-3.01790416,2.42802599,-1.07078299,0.79090806,-0.14887856,1.87928718,-1.38275484,-1.26036778
0.48872483,-0.11074316,0.99879988,0.63971478,-0.96825745,2.87017176,1.64603525,-0.07135192,-1.26487658,0.37010692
-0.60680092,1.01192476,-1.11045881,0.71506490,-2.31494291,3.09969519,0.80054491,-0.07726362,-2.76218802,-0.83893044
0.96194832,-2.37941468,0.67089393,-2.65058888,0.45529285,-0.61661531,0.32180381,1.17955083,0.90654688,-0.41505194
-1.58113255,-1.53606328,-0.45863818,-1.38082366,-2.54342869,-0.44499487,-0.69928215,0.03909052,1.76472610,-0.20599811
1.03295760,-0.72251728,0.01708371,-2.99248222,0.62876195,0.86073495,-1.31320081,-3.68067060,2.00446154,0.76425832
0.01139326,-2.73079427,-1.30645392,-0.13963593,1.46015400,-0.36177698,-0.16762729,1.56667084,0.25763757,1.22267099
0.99717460,-1.03913446,-1.99753087,2.17540414,-2.04820912,0.73271131,0.91517221,2.60288004,-0.54055796,0.44540704
-0.18432665,-0.52287637,-1.15698697,-0.42046973,-2.32355377,-1.64998553,-0.20976078,3.12927916,-1.69502258,-0.25403174
1.58062471,0.52801659,0.15048333,-1.18893563,2.26581748,-1.87808940,-0.45411327,1.95499278,-3.28285701,1.90949000
1.09273384,-0.66372776,-1.08845860,-0.66811737,-0.39795337,1.25757120,0.79087230,0.26917723,-0.97700235,0.54233242
1.62754959,-1.95400996,-0.69174801,1.51107406,1.41828638,1.04680334,-0.25217223,2.02195148,0.47022992,1.12185748
-1.78311506,-0.25876004,-0.76270761,0.82946606,0.10904248,3.27248574,1.30429125,1.02241774,-1.28284573,-1.58244334
-1.99106292,0.77142476,-0.92114023,-1.31663278,-0.00200533,3.17623672,0.73611517,-3.52390414,-2.11930967,-0.41635969
0.64075544,-0.87814402,-2.15696165,0.62199994,0.40582225,0.36875361,1.13170458,1.42777520,-0.21151753,0.34146326
0.38972639,0.46178973,-0.75692805,-0.44751172,0.58679742,1.19800774,0.61589706,0.18832566,-1.96772193,-0.89214760
0.30676328,-0.97425731,-1.78296730,-1.16937392,0.25864163,1.17754278,0.94850720,-0.14370677,1.07139571,0.56599734
-0.50229253,-0.74355110,-2.93291354,0.72369555,0.63782142,-0.11906139,-1.16212238,1.23227297,1.48697784,0.62840790
1.05920067,-0.00537073,0.34338717,0.32216013,-1.11780485,2.37697308,1.09559078,-0.06364243,-3.88608172,0.42589005
0.26637465,-1.23256976,0.99126953,0.87670931,-1.36616265,0.35932574,-0.28688952,0.81467247,-0.95376549,0.70525126
1.20538546,-2.34604783,-2.70889206,0.75015360,0.73202696,0.44138377,0.35567212,-0.38795173,1.17481582,0.64355572
2.57827891,0.84543473,-0.89449725,0.87721589,-2.23074970,1.89140136,1.65937902,-2.33650083,-0.49361888,1.02746479
0.80977171,-0.69113034,0.40165876,-0.92180904,-0.89864723,3.26431266,0.74055574,-0.06543648,-1.32481499,0.70533077
-0.30788071,0.71256109,0.70043788,-0.04360641,-2.21612364,1.56614022,0.75841933,0.22098834,-2.88841049,0.08145343
-0.79569748,-1.15542915,0.78979834,-1.41600069,1.37560861,-0.76581550,0.23449615,0.02691913,0.34853637,0.91441608
2.20132591,-1.27751094,-1.04364613,2.42267238,-0.03689354,-0.93491222,-1.03417980,1.28977154,-0.23349497,0.67095895
-0.34289527,-0.58679285,-0.55874577,1.20665923,-0.45514495,1.31354832,0.07308001,-0.07165527,-0.53598313,-1.19499120
1.76244841,-3.03936592,-2.03332247,-0.20243371,0.45546312,0.04525796,0.75472136,-0.67829251,0.48073538,-2.54334874
1.82421719,-0.19573825,-0.82712546,-0.00260847,-1.26249735,2.50138557,1.32216171,1.96786582,0.89384815,-0.38574848
-1.97521951,-1.54219551,-0.02410022,-0.07653099,-0.75566813,0.71686957,-0.17427755,0.31099211,-0.16515698,-1.06406911
-0.55788351,-3.32445325,0.15561831,-0.10340704,-0.51214560,0.23156655,0.50155563,1.49803542,0.25363364,-1.67825429
1.30488267,0.46205911,0.28923306,-0.07034716,-2.00830142,0.66856321,1.03192170,-0.12533078,-2.06333643,0.13827329
0.02191237,-1.61447621,-0.46560967,0.67071032,0.93114955,0.36267818,0.24432429,-0.77891853,0.72214496,-0.07991102
1.63325850,-1.69866749,0.49490388,-2.22759772,-1.34580224,-0.48728677,-1.51310499,0.00385421,-0.88462239,-0.62439968
-0.97791475,-1.51539011,0.11363186,2.25586982,-0.29459744,0.86347766,1.40372651,-1.32405784,0.77464131,-1.83744503
0.27701806,1.16334758,-1.20004118,-0.83631126,1.84656024,2.88357811,1.40708138,1.52756772,-0.74282532,-0.77137154
0.38720594,-1.28712372,0.53813654,-2.18901193,-0.96651334,-1.15298884,-1.38269899,-0.78759577,0.58327766,-2.96231476
0.15507596,-1.15013066,-0.63558813,-1.23430522,-0.63408671,2.84682227,0.45520201,2.33113373,0.75109877,0.70191243
-0.43715869,1.20343018,0.25040601,-1.61366867,-0.60579065,1.66715122,1.43828180,0.27956671,-1.13132888,1.98047108
-0.51342277,1.02850373,-1.34405821,0.33178933,-1.66399565,-0.76189323,-1.45374597,2.51681177,-3.55561246,-0.48111000
-0.97102925,-1.02170959,-0.20027684,0.22408696,-0.65903072,2.41012242,1.13471142,-2.08254601,-1.47504012,0.32387140
0.09744958,-2.33333491,0.87062926,-0.50453151,-0.73554568,0.91252977,-0.27144376,-0.71497486,1.65132653,0.39836498
1.15929237,1.05618772,-0.67507858,0.83132215,-1.25073342,1.74645445,0.12717314,0.25773008,-2.83316273,0.64869562
0.62206489,-1.18836406,-1.40613711,2.17044832,2.24979507,1.64049814,1.05640221,-0.90676552,1.70248869,1.58491714
0.08908431,-0.09128741,1.21363405,0.18546445,-1.50076737,1.72147799,0.08601983,-0.23559631,1.00222265,0.93905444
0.74420102,-0.17733848,-0.36631569,0.07315263,-1.34994846,-0.77150409,-0.98931330,0.04150400,-1.76321487,0.79402545
-1.01199163,-0.43796372,0.46851905,-0.71739778,-1.56586738,1.25668277,0.66850728,-1.47986549,1.80597590,0.89839601
0.39672849,-0.44798376,-1.25033144,-0.23003729,-0.36807935,-0.08055906,-2.84477484,0.54540766,0.68053867,0.06118622
-0.82955553,1.53773179,-1.78725981,0.25150767,0.71499949,2.10521739,1.19860586,0.15486639,-0.92616862,0.81628610
-0.28916193,1.23911186,-0.01304234,-0.24179744,-1.89611947,1.47455547,-0.30376568,-1.82309108,-0.38525227,-0.68765930
1.35121644,-1.59741555,-0.55685920,-1.75336085,0.69885245,-0.50311318,-0.59533830,-2.02122739,2.28904827,-0.10091730
0.16230648,-0.47438128,-0.34217241,0.04247462,-1.17117073,0.52273221,-0.41752903,-0.38143472,-1.46289947,-1.04101615
-0.30543602,-1.58050833,-0.06298973,-0.86364635,-1.57619715,-0.11574356,-0.91638764,-0.94930601,0.84447747,-0.49360373
-0.63725430,0.87565282,-0.89921039,-0.03538470,-1.50216588,1.41427825,1.40492343,0.56521157,-2.57011008,-0.04782935
0.42128851,-0.69763031,-0.39124555,-0.26039790,-0.82766211,1.48557928,-1.71339820,-1.31763000,0.07146306,0.26068197
0.90810377,-0.91865886,-1.62048553,3.09202138,-2.33680856,0.66687512,-0.72467915,-1.08823558,1.20963043,-0.72433160
1.70596131,-0.15003439,-2.58140524,1.43128654,0.38433738,-0.88612941,-1.11756565,-0.01273058,-0.48999689,-0.42538651
1.38967258,-0.04593455,-0.16876099,-1.29049481,-1.29309922,0.45767156,0.53360884,0.48389705,-0.34704943,0.06133773
1.00930634,-0.05055200,-1.83696850,1.02036304,-1.73903988,-2.13515786,-0.74806885,-1.81486053,-1.11634075,-0.61138685
-0.78427782,0.38832762,-0.91838599,0.12987147,-1.89763083,0.08235776,0.22225606,-0.47759861,-2.09337796,-1.16925368
0.83885007,0.01316402,1.25507285,-0.23072008,0.07234268,1.24793197,0.55753151,-0.03945876,-0.22125742,-1.21270325
0.46678426,-0.35201202,-0.03270392,0.15177347,-0.69234826,1.19536170,-1.52533797,-0.96873655,-0.14707867,-1.25349304
0.64989766,-1.21927369,-0.70805297,1.10964881,-0.25476500,1.75822462,-0.46980963,0.58652352,-0.00805868,-0.11975943
-0.51150634,-0.03203145,-0.76019182,-2.01519893,0.23479655,3.19343293,0.64496061,-1.40187504,-2.71232854,1.99663861
2.34780173,-0.85625134,0.17336526,1.01610477,0.21615059,-0.23016595,-1.75847942,0.08454600,1.18672574,0.88408154
1.07998516,-0.51872548,0.20637661,-1.95074552,-0.83431138,1.07150408,-0.11540299,0.57019911,-0.68611221,-0.65005897
0.68045559,0.07450365,0.64181276,-0.01902402,0.26267099,0.49794129,-0.12054907,0.89430286,-1.61663782,-1.10253311
-1.33351621,-0.64786258,-0.10863972,-0.70676475,-0.13689663,1.04235479,-1.21953992,-0.08412835,0.93011388,-1.40888992
1.24472934,-1.92359473,-1.65691190,-0.40313947,-0.59846262,1.22719196,0.69191508,3.07703550,-0.24463956,-0.96749385
-1.23862359,0.29283268,-0.29470819,-1.60737314,0.59588049,1.93429981,0.04720672,-0.06864050,-0.61389230,1.53831343
0.12688689,1.12794072,1.50443783,1.07154047,-0.95092749,3.07639857,0.20558841,-0.26410503,-1.47943211,-0.64722791
1.07413155,0.58128671,-1.12061725,0.80278731,-0.39351326,1.67649056,-0.35395814,0.72922280,-0.23729183,-0.50545557
-0.03082513,-0.46418704,-1.76940886,2.70382667,0.59449341,1.55797436,0.82072005,-0.51172218,0.37248652,-0.87039292
-1.79906727,-0.11309055,-0.25240724,-1.22695920,-0.99023034,1.32324143,0.30193944,1.60677930,-0.46024287,1.45499006
1.26499287,0.32659577,-1.19339345,0.85231935,1.28884485,-0.74358340,-1.15962610,-0.87906020,-2.10987636,1.75257378
1.05126556,-1.22864518,-1.63772225,2.13518505,-1.59737070,0.49808425,0.86701784,-0.35547109,-1.58169224,-0.82161615
0.86893283,-0.66389851,-0.85767814,0.01448259,-2.48756255,2.14013545,1.65929649,0.45898661,-0.93292218,0.30446116
0.16065435,-1.38049009,-1.94209532,1.46054738,-1.61355230,0.10266011,-0.86608234,-1.20857783,2.10389932,-0.35650615
0.00378774,-2.13261916,-1.86874886,1.40308494,0.57017397,0.17401869,-0.89833219,-1.86377417,0.48867640,-0.80772153
-1.58089736,-1.80900312,0.22720846,-1.25191863,-1.19265118,0.16218272,0.18923920,0.17697593,1.58155133,-0.38393458
1.46537844,-0.20159668,-0.65494528,0.60809820,0.23367243,1.23606574,-0.16000008,-1.67981160,-1.91926350,1.23776455
1.55955327,-0.75631980,0.29234603,-1.06064928,-1.24682988,1.90612132,0.40029350,-0.42392225,0.61432640,-0.44161463
0.92559923,-0.03540558,-0.59893852,0.76635675,-1.57916414,1.54130855,-1.88421803,-1.37651270,-0.79873543,-1.08344608
-1.01680113,0.68278643,-0.39328574,-0.09454732,0.32237800,3.40945062,1.83168925,-2.19581630,-2.88076676,-1.17662002
2.73002770,-2.90255756,-0.43980400,2.28649883,-0.92065842,-0.20383193,0.37639554,-1.37465817,0.73884224,1.47779931
1.43231942,0.11359079,-0.84944940,-0.25075193,-1.18952710,0.03862979,-1.04313438,0.17481947,-2.78163717,0.76139621
0.83931091,-0.27826321,-0.47955118,0.12725684,-1.75825162,1.84426927,1.37720335,-0.23099041,-1.64462076,0.11313605
-1.33682028,-2.06162849,-1.33051504,3.03779856,1.68825141,0.51945196,0.24885833,1.71805061,-0.27015256,1.18071642
0.39936069,-1.70532624,-0.00115102,0.71209214,2.49208127,2.97612145,0.97391669,-1.40251258,-0.42915385,1.24333730
1.42711756,-0.15595514,-1.59874651,0.52907722,-1.43789211,-0.51297636,-0.22284576,0.20330207,-0.48650062,-1.13365919
0.62699807,0.20209436,-1.89859357,1.18087051,1.10612984,0.89801885,0.47022570,-2.46853848,-2.12529367,-1.28209195
1.11249276,-0.17663312,0.10821429,-1.57688445,-0.63529733,-0.72091499,-0.34327868,0.14141117,-2.78348735,0.87511819
-1.25006352,0.09480854,-0.67392079,-1.21429413,-3.25648060,1.56287305,-0.17599237,0.52151913,-0.87983148,0.50057819
2.05187298,-0.46219090,-0.41857067,-1.62085925,0.55495592,-0.90622706,-1.60080522,2.23472261,-1.09646761,-1.15755505
-0.21631694,-0.84005754,0.08667542,0.55858455,-1.26644810,0.66962623,-0.84980365,1.07134321,-0.51466581,0.71746484
0.16191891,-0.34999648,-1.07161143,-1.44499640,-1.05018778,2.31424129,0.93525948,-0.22479320,-0.13271606,0.92644265
0.30190948,-3.14415340,0.08340133,-2.35309126,-1.23326009,0.56297534,-2.35700690,-3.97407467,-0.71977414,-0.54929824
0.49292139,-0.56524173,0.79460843,-0.19114256,-0.53125425,2.01443129,0.97250586,-0.62548254,0.31886897,0.93982903
2.05813787,-0.43129471,0.16201846,-1.10973377,-1.37758275,0.92740475,0.40167654,-0.11300997,0.76497636,-0.29213466
1.16656289,-2.79681964,0.98008840,1.06984776,0.31110842,1.00283445,-1.70295835,-0.26386782,-0.71766228,-2.13379319
1.71145861,-1.82616916,1.23651386,0.89948169,-1.87902753,-1.07652004,-0.41979438,-1.76394730,1.24802065,2.84305698
1.84086009,-0.40284500,-2.91658490,3.94543566,-2.96671100,0.80996434,-0.33377098,-0.77574344,-0.11147216,0.58290336
1.84718800,-1.35738298,-1.97928642,2.38765592,0.42303862,-0.15898965,-0.07856330,-1.34704481,0.63981472,-0.94666658
-0.94002289,-2.33462327,-2.02132521,0.07612802,1.42048456,2.96870697,1.15481546,-0.15119208,-1.20259867,-1.17227536
0.42556431,-1.30444008,-1.47556449,0.51465668,0.52352697,-0.50775847,-0.74153261,-1.12937501,0.83177495,0.80101444
1.71668775,-2.20405315,-0.19712204,-0.80700834,-1.61548564,1.98398778,0.58146501,-0.48950234,0.32501823,-0.96810426
-0.68611016,-2.46602904,-3.08151228,0.19790091,0.97240025,0.26102473,0.40157052,0.18556527,-0.10097469,-0.20725035
-1.35875582,-0.16029083,-0.57800248,-1.23924329,-2.17089731,1.39207231,0.13423404,1.32222268,-0.33976717,0.51538151
3.27920906,-0.86155582,-0.40094878,2.26017659,-1.08583415,2.68024412,1.04525360,1.24547892,2.44833584,-0.78022428
0.72332439,-1.18651833,-0.20706925,-0.10890061,-1.61395938,-1.59600955,-1.14593716,-3.15815667,0.63676849,-0.36084020
-0.56998836,1.07169194,0.19227776,-1.02594254,0.03018253,1.32811113,1.26176145,0.78810192,-1.12566829,-0.43111400
0.24758765,-1.10758613,-1.16565508,0.76370969,-0.59800502,-0.69967933,-0.56769430,-3.01713468,0.12075304,0.52687102
-1.15516160,-0.34679594,-1.65481624,2.48698372,-1.49703205,1.20892661,-1.80541712,3.65989155,-0.90803915,0.84105936
-0.71540599,-1.46283836,1.47207514,-0.23738627,2.62628149,1.96746407,0.73110183,-0.51440467,1.78685709,1.23863267
0.11511491,-0.54019854,-2.04550097,0.19012310,-0.69477724,-2.22933901,-0.77300345,0.84823430,0.59794359,0.87362041
-0.10918538,0.34892013,-2.99583555,-1.97843646,1.48886870,0.60581918,-0.24873291,0.90321514,-0.51439984,1.84929183
-0.50436882,-0.34756778,1.03902651,-2.01608149,-1.56297389,0.26613074,-0.69628773,-2.66612430,-0.36186276,1.00119271
0.43290172,-2.27575247,0.74234675,-0.05059437,2.89930620,0.15666767,-0.61677045,1.43483190,-1.35930819,1.36224188
-1.71775162,-0.56487161,1.09266717,-0.56329441,-1.00120433,0.16166280,0.02323614,1.95814030,-0.91697765,0.21578203
-0.60597736,-1.65853595,-1.56335191,2.58939802,-0.10034990,0.33381900,0.14991409,1.52813585,0.14375049,-1.70220268
-0.01122387,-1.10129223,-0.39038781,-1.23498380,-1.15931065,0.94599714,-3.28331357,1.07289653,1.12672970,-0.57087177
0.54784108,-1.58678124,-0.74771324,0.47398118,-1.06003086,1.64476026,0.36131665,-1.29142947,-0.20482745,0.22269863
1.50060363,0.22022781,-0.33997470,-0.30334303,-1.23781811,1.55034480,-0.24434859,-0.50339225,-1.91860250,-0.08233403
-0.95364230,-0.89082419,-1.14772477,2.40553039,-3.33242949,2.07176005,0.82811319,0.89109564,-0.31444854,0.12238419
-0.66012447,-0.65332594,0.38391611,-1.62734048,-1.09963947,1.64627111,-0.14625285,-1.28102507,0.93389017,0.53573221
1.17922185,-0.14669024,0.00606191,-1.09094042,-1.05840543,3.59728592,1.46439539,1.08235197,-0.28680928,0.69981037
0.97695276,-1.21153618,-0.30066662,-1.44613288,0.21073760,-0.00051305,-0.20400115,1.25968506,-1.21285704,0.68113226
0.00843003,-3.44729439,-0.59068800,-1.09164576,-1.88860995,0.59617906,1.89125845,0.37220219,1.23020182,-1.17736767
0.75395844,-1.30883783,1.22264836,0.11686642,-0.79161696,1.26223382,0.00657862,-0.39113808,-0.27252551,-1.20736404
-0.15218554,-1.93023667,-2.35734116,1.68002564,1.10480897,0.37195280,-0.57868205,-1.06947414,3.65191235,-1.22501243
1.61949327,-1.66415810,-0.34965896,1.39704952,2.40172769,-1.38249315,-0.39074618,-0.24699822,1.01443817,1.90605226
0.45277787,-0.27933500,-1.30670843,0.80302806,-1.84965774,1.11278653,2.22851356,-1.58792702,-1.91046001,0.11487927
-0.30775999,-0.46270410,2.25208980,1.10396550,-1.05168492,0.04166813,0.22296632,2.03902197,-1.38988378,-0.54681908
0.23296370,-1.13165736,-1.17585356,0.86807676,0.05262092,1.56574384,0.79981316,-0.53131487,-0.47945581,-1.19339841
-1.08624409,-1.09913802,0.18070892,0.57685415,-1.61037272,-1.31917697,-1.06974581,-0.28121876,0.42979186,-0.18533292
-1.23660693,-1.46910535,-1.73197067,1.20581476,1.65109549,1.82450216,1.38042122,-1.51649841,0.74868318,1.43142630
1.33456527,1.03598175,0.95242744,-1.27604810,0.20640530,1.91236178,0.34337278,0.64186659,-1.73323376,0.86633682
1.99028551,-0.09070799,0.36171027,-1.11062296,-1.26324630,2.40756396,0.59950648,0.60585658,-1.02262157,1.17735319
0.68547183,-0.18364450,-1.89934727,0.98458111,-1.62644608,2.48475272,0.25547805,0.39421771,-0.74499955,-1.48852520
1.38772952,-0.96842505,0.91091887,-0.79898393,2.83257223,1.93177889,0.14530411,1.95357078,1.41575168,-0.22840839
0.35369361,-2.10330962,0.90202179,-1.70979318,0.32573305,0.71970529,0.40770954,-1.23442910,1.50178314,-0.43429604
-0.37127819,-1.30609175,-1.54546954,-0.48188467,1.59711013,0.84217376,-2.81112956,1.36412447,0.95567036,0.57365272
-0.09132057,-0.60291772,-0.68227051,-0.62741250,-0.44042203,-0.46174128,-0.33360929,-2.95329469,0.41369674,0.13565358
1.04382188,0.35295884,-1.28966476,-1.02978639,-0.15120004,-1.01934720,-0.69882973,-0.07344266,-0.98463451,-0.75110503
0.67987164,-0.32034163,-0.13451911,1.21729318,-1.17202457,1.32286966,0.13499857,0.27281171,0.33295339,0.71004133
1.38640685,-0.05375934,-0.79032742,-1.90571700,-0.93364775,0.88464733,0.46545621,1.59915268,-2.26908140,0.47757237
-1.10132491,-2.25742693,-1.22940295,-0.25487575,0.51006850,0.67591267,-0.73964768,-0.29901282,2.34913108,-0.52448155
1.01840206,0.52689233,1.56467163,-0.78352747,-2.38958792,1.34645743,1.96616281,-1.25584733,-1.38107866,0.02813156
0.09570893,-1.44090577,-1.74977520,1.26431897,0.68425839,0.10655463,-1.01429725,-1.81808831,1.17131551,0.25734638
0.39920349,0.26542544,-0.76270361,0.68940838,-1.06228333,1.06112661,-0.78943833,-0.83098860,-1.24715872,-1.22265160
0.15906768,-0.56226826,0.95354082,0.47490325,0.38175110,-1.13502474,-0.93368041,4.94568084,-0.78779106,-2.05547548
-0.56425614,-2.38304791,1.80780428,-1.56609357,0.35773014,0.77275022,0.54179706,2.86071499,1.01412716,2.64884834
1.01549345,-1.03930254,-0.02261830,-1.68826255,-0.01062115,-0.73984821,-0.75282860,-2.58003701,1.48474954,0.93660167
1.49898072,-1.34745020,0.57114344,0.92609122,0.15973644,-1.20279214,-0.99373000,-0.10199681,0.71599779,-1.55319814
0.62002541,-1.10283014,0.68807360,-0.92468428,2.64739617,2.20609529,0.14104742,0.86966925,1.31119713,0.96601328
-0.86545917,0.92352941,-2.76729382,-0.92253281,-2.03238684,-1.42682922,-0.82028277,-1.44585140,-0.52523267,0.31956876
-1.28986402,-1.66240379,-0.80866340,0.32762525,1.31339302,-0.29093909,-1.10780751,0.72517800,0.68211959,0.86835469
0.68142961,-0.09054707,-1.68828006,1.82247671,-1.31822923,0.78543771,0.22005861,1.57909394,-1.79665508,0.76719580
-0.46393782,-2.99675739,0.13769696,0.70996102,0.29569708,0.37144156,-1.18660287,1.48175654,-0.75637963,0.73008098
-0.76169964,-1.42411059,-1.21909257,1.34421517,-2.72939167,-0.86726977,-1.05401817,-0.56309776,0.92381450,-0.51438233
0.11410035,-1.63312701,1.18725575,0.19693554,-1.08903847,-0.88014741,-0.68439635,-1.60356275,1.15532488,-0.35814417
0.85576132,-1.98231807,-1.48886822,1.62907889,1.79702116,-0.16927129,0.02688601,2.14209450,1.32975751,1.13384089
-0.12483988,0.72393264,-1.33765339,0.33784964,0.35911950,2.16210936,1.39656898,-0.44306168,-0.15510375,1.04500536
-0.05120090,-0.09476569,-0.03296653,-3.48449709,-1.13102201,3.22565843,1.87262969,0.57593407,-1.27138765,1.32869979
1.98971666,-0.41921904,-1.53733894,1.16739637,-0.75426882,-0.62135640,-1.29497975,0.29567357,-1.42844989,-0.16708480
-0.22913529,-3.68971865,-1.90249998,-2.03667344,0.41442162,0.54844332,-0.08799401,-0.10159299,1.22071738,-0.35339350
0.31909649,0.18510687,-0.79179490,1.17788206,-1.70738810,3.20454458,1.06493130,1.34386696,-1.94190100,0.41394081
-1.05316090,-1.91158734,-0.63395246,-2.03199739,1.30013303,3.56981889,1.53068623,0.54380518,1.98574108,-0.67447889
-0.50818016,-2.18683837,-1.22507639,-0.02826570,1.04264743,0.30899334,0.24036742,3.39690901,-0.12531989,1.08264544
1.34436817,-3.43802419,0.60366288,-0.95686929,0.61418479,0.13866163,-0.24837793,0.81079942,0.94965670,0.17361767
0.47315089,-1.84061720,-0.15997230,0.43803415,-0.59103140,0.18001789,-0.09490742,-1.36348390,3.34105425,-2.66840540
-1.70787184,-2.34617505,0.47869056,-1.62164968,1.42500600,0.26685241,-1.37444298,2.21304791,0.18035746,0.19922791
-0.43655240,0.96783004,0.48151468,-0.73087179,-0.64762948,1.39683265,1.25758114,-1.56182787,-0.31159466,0.80048870
-1.50591107,-1.03098769,0.57194626,-0.56941959,-0.72982846,0.73772799,0.74935605,0.97529558,-0.67916721,-0.94070420
-0.43194947,-0.66922858,-1.77617621,0.86473655,-1.68526383,3.18408004,1.30822376,0.23219089,-0.89835422,-0.26629588
-0.59466935,-1.06256230,-1.93792960,1.64980235,1.66629375,1.31046305,-0.12530784,-0.51561855,1.12428261,1.63660821
-0.95342756,-1.99795653,0.95879576,-2.01651955,-1.60291954,-0.12010406,0.29256387,1.60770122,-0.27132791,-0.41162953
-0.62363630,-1.23105656,-0.51710516,1.74059144,-0.22612004,0.18356359,0.09290223,0.25186815,1.34389072,-0.38415615
0.15553524,-1.55608289,-0.30641113,-1.49161462,-1.88769983,0.68653712,0.03722146,1.32040195,-0.87392466,-0.33682840
-0.19681120,-1.37655923,1.02450035,-0.24126636,1.09542873,-0.50581804,-2.45010434,-2.23347751,1.88963602,0.30588353
2.22437203,1.27160309,0.65209002,0.49186300,-0.70235504,2.51322575,0.59420801,-0.04130765,-0.70500919,-0.67492996
1.72195659,-0.86047945,-0.09841098,0.81434242,-2.19734121,-2.46700141,-1.25810867,0.40690826,-0.71508641,-0.18104442
0.99407365,0.20603978,-1.40753674,2.73152450,-2.68692950,1.42681367,0.27238973,-4.25183625,-1.10268561,0.04417243
0.32427633,1.80314659,-0.27047817,-0.57443294,-0.06151148,1.46767352,0.13055437,-0.44177126,0.23633406,0.61055570
0.50099579,0.34722287,-1.24114075,1.15271288,-2.00085216,3.55965982,0.51916606,-1.11151297,-2.40595785,0.70667379
-1.30340756,-1.24641145,-0.85042155,0.73366578,-0.32896049,0.35709902,-0.60692356,1.01013702,1.40757569,-1.73421979
0.23851433,-0.17953370,-0.46766785,-1.97572512,-0.10641220,1.14967070,-0.03292185,0.50071215,-1.56948774,-1.06138931
-0.98207832,-1.07060744,-1.83701884,2.00040803,-0.05425569,1.71260553,0.49999592,0.25149184,0.34559579,0.07768704
1.26040879,-1.87350053,-0.57499973,-0.10176708,-2.02922033,0.48939242,0.54165314,-1.36912093,0.88506552,-0.74357374
-1.56380588,-1.40734730,-0.27775189,0.15517476,-0.84656679,-0.27315237,-1.24188632,-0.51564830,1.36068534,-1.16520166
0.05925795,-1.56194496,-1.18051008,0.56367453,-1.00984907,0.64171437,0.64148591,-0.25914240,1.85207017,-0.89376764
-0.05179990,-0.72676680,-3.08648534,-1.14226650,0.25077141,0.32143630,-0.96829821,1.95285340,0.60969277,-1.19184533
0.26996335,-1.29088942,0.07360190,0.46001290,2.01972184,0.20167247,0.35469674,-2.57760654,1.23600935,1.13589438
-0.00557839,-0.51382451,0.97557053,-0.07768368,-1.28206226,3.57866826,1.05836318,0.10998760,0.31092638,0.44658078
-0.89798227,0.30196423,-1.76203296,1.77039751,1.66443691,-0.36266991,-1.10761307,-1.54416642,-2.00136978,-0.84643471
-1.66627132,-0.05843352,-1.61158744,0.92310472,0.04541645,3.81113349,1.43041692,0.21875839,-2.77027332,-0.46189086
0.57754974,1.69134806,-1.57851864,-1.33788728,1.72616801,1.88309954,1.22552968,-4.67964176,0.16699584,1.13400331
-0.92761488,-2.21706893,0.30753343,-1.75492080,1.72400676,0.71312392,-0.95074067,-1.57170863,1.40116409,0.67566316
-1.55800797,-1.03148892,-1.29455883,0.20272265,0.76747225,2.77940229,1.88485015,0.48562070,0.60629904,0.52971572
-0.82821111,2.68908837,-1.19370607,-1.12058098,-0.41007159,1.94510078,-0.39836869,-3.34133586,-0.80554759,1.85560496
0.51825456,-1.42772980,-0.07438335,0.36094453,-0.32183367,-1.16195295,-0.55122447,-3.21664307,1.54598939,-0.81079427
0.66839762,-0.24210059,-0.39030309,-1.64750664,-2.68495804,-0.55985104,-0.66364418,0.25377756,-0.47511452,0.58776812
0.08697766,-1.07400342,-1.53052722,1.33586304,-1.36612141,2.26467171,0.77215828,2.48665342,0.49025996,-0.90737760
0.68621887,-0.70096296,-2.19619052,-0.54364950,0.50677114,1.18935957,1.11169553,0.21488414,1.18800179,1.30895455
1.14185212,-1.28703314,0.15335858,-0.22241662,-0.30959770,-1.68466570,-0.79729411,-0.22554326,-0.59859695,0.39165934
0.94561400,-0.84276368,0.91459279,-1.30786179,-0.80719993,-0.16839875,-0.19944407,-0.05271393,0.31379056,-0.03568860
-0.03638412,-0.60410828,-0.67427793,-0.90711059,-2.33013720,-0.69435921,-0.75612034,0.60160907,-1.09038740,0.23268718
0.76837806,-2.02091918,0.07441145,0.94892905,0.12602443,-1.37451066,-1.61878579,-1.66104100,2.62334245,0.14793023
1.21004567,0.17664368,0.73321297,-1.46868417,-0.92747088,1.62424142,-0.40783308,-0.18444231,-2.36803248,0.17369229
0.39501578,-0.42962455,-0.18309622,0.36569242,-2.15251417,1.20414152,-1.95983113,-0.33527104,-0.92697957,0.08307781
0.45142797,-0.70200999,-1.88437151,1.54996771,-1.05607009,1.06482897,-0.31851127,0.66934706,-1.30563791,-0.17576274
1.13440005,-0.33027074,-1.27636819,0.37737858,0.11152479,1.71993704,-0.58154872,-1.21416063,0.59780178,0.08874406
0.25391063,0.08455442,-0.48239359,-2.58986196,-1.66746534,3.33359650,0.83753364,-3.02565317,-1.22644912,0.84266257
-0.45274234,-2.75718003,0.15501466,-1.30964987,-0.08307027,0.40940646,-0.25993647,1.67987093,-0.42062748,1.70443311
0.43565192,-0.30584716,0.61597271,-2.04009035,-1.39993281,-1.29664147,-0.17932846,0.24514093,0.94013677,1.09722338
0.88042597,0.76622367,-0.65727337,-0.42569027,-1.00739610,2.55092138,0.31312025,0.84059268,-0.39654238,-0.74525479
1.23493678,-0.83872796,-1.56700981,1.54846489,-0.74587197,1.79577517,0.08252317,0.54803302,1.28110848,-0.32504390
1.10842377,-0.69741572,-0.40568303,0.51342769,-0.03088382,1.80915124,-0.30079220,0.16415004,0.58270983,0.52592788
1.31622534,-1.75716589,-1.37743428,-1.53050067,0.53103953,-0.20400425,0.07522968,0.07868185,1.92270450,-0.12816865
-0.60380722,-0.50435234,-0.89116715,1.22455334,-1.94526286,2.02359332,0.87216388,-0.12257502,-1.39581929,0.40643337
-1.21083389,-1.98840008,0.74715695,-0.34445143,1.91712326,0.28697583,-0.24293808,1.46725456,0.94300001,2.25542464
1.54430921,-1.21322704,-1.34124399,1.10593985,0.51656665,0.59125380,-1.29361525,0.71703207,0.34996941,0.04522135
-0.72084145,-0.15476258,0.84537461,2.21180049,-0.35233121,1.09271845,0.07318849,-0.24987347,-0.69750535,-0.39659027
0.45906981,-2.03065262,0.58995612,-3.68477086,-2.38867365,0.48056384,0.16689451,-0.20008543,1.67114657,-0.52835470
0.19448180,1.06062565,-2.34832211,-0.84325892,-0.74472169,1.81630122,-0.27144057,1.37425323,0.41493098,-0.62984539
0.93957306,-2.85603910,-0.29886077,-2.35775743,0.42249130,0.19714058,-0.33490765,0.27031399,-0.81651564,-0.95855734
1.69330868,-1.12099108,-1.34642404,0.84394544,0.36794541,-0.49087910,-1.01764149,-1.22269520,0.79543445,1.03214748
0.38365965,-0.36660799,-0.64458971,-0.56546827,-2.31875176,2.56791719,1.10718579,-1.81604599,-1.81868865,0.60694100
1.39885206,0.02304063,-0.83851000,0.46725991,-1.35092791,1.49613348,0.55001489,0.89763261,1.41559536,0.90254619
0.02430881,0.18367872,0.77431452,0.39174700,-0.69761801,-0.21207956,-0.00101544,-1.83513215,0.26803125,0.86411789
1.40973087,0.12180270,-2.04850651,2.77767255,-2.53868357,0.81848613,-1.01735938,-1.29575015,-0.59380873,-0.10206302
-0.36363357,-1.20811371,-1.29286881,0.15688780,-0.50704749,1.10521808,-0.18399204,-0.89378913,0.72403087,0.45755790
-0.02456189,-0.96432547,-0.26322732,-0.67480036,-0.55249767,1.73724216,0.20569312,1.80785855,-1.19937871,-1.01577822
2.16764249,-1.06799874,0.52794391,-0.43778349,-0.04131320,-0.70164583,-0.31368199,0.60680231,0.58807652,-0.36264156
2.50450408,-0.97579974,-1.12455827,0.34187731,0.03620266,0.20003003,-1.49762992,-1.67073330,0.92572771,0.45945586
-0.05070230,-1.02920311,0.98528609,-0.34347115,0.21221864,1.41947238,0.93448429,-0.87766468,-0.19675527,-0.33256735
-0.85041319,-1.94869632,-0.90213424,-0.01769614,0.33472940,-0.24072999,-0.14406000,1.01060844,0.61610740,2.51418965
-1.26867366,-1.81043943,-1.55929570,2.05891944,1.72096768,0.56640113,-0.45061729,-0.14481296,0.63384563,1.28873695
-0.87037408,2.01613979,-2.10513882,-1.19569759,-0.38934745,0.75483766,-1.34843193,-3.74580912,0.96660500,0.16915125
1.52625984,-1.90244740,-0.05232284,-0.65999281,-0.39857952,-0.90281261,-0.27759741,-1.70084780,1.70636610,0.55826936
0.54912626,0.83863301,0.52439305,0.68357141,-2.29709300,1.83931513,2.49171479,-1.57861009,-3.11404675,-0.04541796
0.11960685,-1.27924468,-0.14897144,0.46077419,-1.30713669,-0.42145291,-0.52005445,-3.45987200,0.25859785,-1.11728539
-0.23020656,-2.43411849,-0.81089754,-1.13524242,-0.49872965,0.68260326,-1.56327268,-1.08489363,0.74048702,0.43252933
0.33751155,-1.64394782,-0.85814703,0.88273678,2.29301156,0.65640802,-0.62573828,-0.85972123,-0.74040007,0.60451137
1.61318102,0.27597547,-1.30208470,1.75795364,-2.72292742,-0.18482905,0.08235078,-0.10915216,-2.32771773,0.75343455
-0.58927854,-1.33597479,-0.48047529,-1.57403799,-0.61147245,-2.20602510,-0.77398624,-0.46704968,0.00788331,-0.64146452
-2.86452571,0.38262654,-1.13104124,-0.40972582,0.07183381,1.71179892,0.54029140,0.68519530,-1.75000033,-0.44219166
-1.19076414,-1.49748219,-1.78187068,2.61763424,0.80006036,1.86019607,2.21280311,-0.06097146,1.60654255,-0.99313215
1.06813140,0.36270893,-1.13968869,0.34630089,-3.44719688,2.05671915,0.96349410,-1.56488305,-0.98920824,0.33226046
-0.34109865,-1.30620991,-0.82644462,-1.34883213,-0.00647364,2.37803294,0.96992440,-0.44281086,1.35148610,0.96603511
0.58423881,0.47783000,-0.79473368,-1.16966305,-2.10690180,2.27360541,-0.15358223,0.40505750,-0.86744872,0.41453231
-0.47549944,0.27253226,0.47735467,-1.03370592,-3.45586848,1.52496218,0.68993300,0.16694027,-1.15796455,0.16649009
1.14967692,0.26284978,0.24443347,2.28042726,-2.02220900,2.83928319,0.32350999,-1.73795765,-1.92107088,-0.35883011
1.25653587,-1.16623775,-1.22386872,0.48497670,0.01567135,0.08046837,-1.07168684,-1.73117229,1.88057854,0.23802625
-0.34276828,-2.37792302,-0.95628306,0.44500730,-0.16817353,0.97849328,-0.84310656,-0.23189064,0.56305226,-1.66221056
-1.01506335,-2.31364133,0.06783665,-1.05413472,1.68506189,0.45814956,-2.62055911,-2.36353308,2.16059047,1.05488131
0.57639103,0.54045865,2.82929066,1.44956481,-0.97845151,2.43862984,0.78894097,-0.10378303,-1.85483455,-0.27474945
-1.63398119,-1.67409537,-1.57618492,1.72300377,1.08737920,0.63164040,0.56715494,0.76955610,0.50589644,0.51804065
1.40370261,-0.35885944,0.15477524,-1.16242109,-1.23162333,2.32477423,0.60588612,0.93600717,-1.20666420,0.51086246
0.57626768,-2.84739865,-0.64305929,-1.45672963,-0.48118473,-0.32234494,-1.35935691,-1.03079926,1.27881502,0.85114773
1.10886541,-1.67648594,0.04813545,0.31090254,0.64341245,-0.48330701,-0.71416015,-2.68364617,0.95910562,-0.39008433
0.15287480,0.49367090,0.63717669,1.90061388,0.92586226,1.50335624,-0.09956569,1.28239939,-1.25351779,-1.10173124
-0.26251267,-0.85772693,-0.29494347,1.63060059,-1.53406428,0.47084437,-0.19771656,-2.19852885,0.83450729,-0.71279366
1.63607534,-1.31596289,1.90461091,-0.59858454,-0.05749003,-0.75955866,-0.80127838,-0.15287399,2.64207206,-0.28036293
-0.25236783,-1.46423792,0.16000482,-0.37709329,0.97203588,0.90874799,0.66716970,1.34525065,3.46899244,-0.59346669
-0.74377503,-1.86422787,-0.64752242,1.21112902,1.04833636,-0.07147643,-1.09213661,-0.58499301,2.21404514,1.01037342
0.08708889,-0.49481750,-1.04089744,-1.23743457,-0.91799205,1.56825803,2.25680945,-2.72925215,-0.51441894,0.38913575
1.25369696,0.75462928,0.41704669,0.39153716,-1.72465501,1.28161761,0.53447370,-3.20460468,-1.18279245,-0.26249601
1.22474955,-0.15673092,-0.61142650,-1.78841013,-0.73481487,2.52924759,1.67185079,1.08706233,-0.70217077,-0.82241234
0.89758831,-0.79743113,0.21600326,0.26687500,-0.95308465,1.93000050,0.59216611,1.93164596,0.94575185,-1.42856997
1.27263787,-1.31255344,-0.92028037,1.06450151,-2.05985956,-1.51511247,-0.68170440,-1.55969648,-0.69666630,0.43998521
0.45677568,-0.70513785,-1.65382031,-1.10997080,-0.30993655,1.84585414,0.16850684,0.03076553,-0.10511069,0.55114205
0.04766508,-1.21825018,0.83389388,-0.26478687,2.89178409,0.43170555,0.22493546,-1.03734037,0.42753098,1.40011503
0.52057928,-0.61896781,0.79878294,0.84272566,-1.25740094,1.01276723,-1.84575514,-2.26323495,1.42827122,0.15222522
0.73073667,1.95251836,-0.00355565,-0.76921932,-0.55997324,1.35626404,1.16045943,0.05209902,0.84474269,2.24053074
-2.61906296,-0.44294646,-0.31150752,-2.14216658,0.07908476,2.14160804,1.01289526,0.79204587,-1.17259882,-0.20889964
-0.95343286,-0.69932365,-1.79203409,1.47575123,0.58268935,0.88955677,0.58247793,-2.17659363,-1.98954628,1.65908939
-0.53794171,-0.01541603,-1.15886311,0.18746251,-1.35193029,1.73379974,0.30972514,0.22238835,-0.46308283,-0.71147257
0.79312658,-1.87060685,1.06555670,1.00999793,1.62840167,1.89886564,1.27552603,2.28964382,-0.07281296,1.06174665
-0.56086070,0.13428340,0.53678056,-0.54286777,-1.30188633,0.82803587,-0.81677141,-0.35563933,-1.13199511,-0.96276939
0.55626370,-0.54259411,-0.62835634,0.65287745,-0.56556161,2.02461588,1.67158360,2.93924179,0.45617324,-0.75509684
0.98247544,-2.86377835,-0.66962364,0.41103871,0.60780403,0.29711482,-0.10840410,-1.15896757,0.84788578,1.49261694
0.00164387,-1.14246391,-1.02238288,0.03835951,-2.02103507,-0.22102340,-1.03890628,0.51326386,-0.91896688,-1.01768294
0.67699760,-0.48108155,1.53741060,0.79430789,-0.68535713,2.02551461,1.17106929,0.84034018,-0.37660717,-0.89869920
-2.25881377,-0.49210489,-0.90934461,0.05367261,0.35846707,2.05139088,0.77255836,-0.13940644,-1.75580590,1.38877510
0.20935593,0.10580145,0.83996769,-0.76439563,-1.53693777,-2.57740981,-0.65496917,1.29017818,-1.62336683,-1.61416757
-0.49463677,-0.80886756,-0.26246161,1.48861208,0.82760588,0.19502475,-1.67755864,0.38471280,-0.63444840,1.28791387
-1.52195893,-1.15166556,0.34547802,-0.50309210,0.11042489,3.46056485,1.78673602,-2.33010743,-1.81557004,-0.16129196
1.41000161,0.00839261,-0.42171091,0.21240473,-0.60374713,2.39573306,1.46036390,2.22603708,-1.32870904,-0.64159103
0.22330680,-0.44269654,-0.96902097,-1.01555736,-0.16260222,1.97190062,0.15216901,0.50901363,-0.91279910,-0.38444682
0.19671520,-1.20601181,-2.92560188,1.46634969,-0.40663191,-0.85785004,-1.18724035,0.94980306,1.67275087,1.03202827
0.61365815,-1.35498207,-0.13725247,-1.90058528,1.86331809,-0.22616732,-1.16661000,-0.83634284,0.49776178,-0.29415336
2.01340952,0.11990693,0.84674200,0.74184749,-0.75569028,2.16648098,1.62121038,0.20245190,-0.83430278,-0.41981636
-1.71631755,-2.56700169,0.03852678,-0.21180705,2.08596593,-0.45409093,-1.04330288,0.17451089,-0.58830618,1.37180135
-0.75788767,-1.39486152,-0.75084660,-0.09891840,-1.12836536,0.27982743,0.44483613,1.16434231,2.30390005,0.28190988
1.09922401,-1.86273327,-1.56494000,-0.19411731,0.71613764,-1.42079352,-0.29129639,1.79226017,2.46442157,1.10009476
-0.75975075,-1.22145694,-2.27130816,1.66273963,0.95945711,0.45640597,-1.10402435,-0.22311481,0.88075755,0.21093375
-0.99201261,-2.52151188,-0.58746039,-1.18109791,-1.09951193,0.17336583,-0.03357857,2.69572493,1.70103011,-0.84513207
1.15853667,0.47480267,-0.17929541,-2.25674623,0.82041243,1.22717366,1.15209335,1.43411640,-1.30739451,1.69231617
0.06157463,-0.46308825,-1.82805905,2.64592290,-2.27363979,0.54782389,-0.59647165,0.09051020,-1.16893202,-0.15739865
-1.06526991,-2.66806822,0.19421564,-2.32201250,1.95315726,-0.66404912,-0.15672115,-1.84195690,1.69461948,1.14434805
1.13597665,0.23199732,-2.25200542,-0.13058237,-0.56277352,2.07964707,1.85523137,-0.18549699,-2.98946105,-1.05948853
2.05761121,-0.67010876,0.81431209,1.57349992,-1.06169838,2.85481406,0.78687591,1.88436131,0.15128472,-0.65309992
1.10402090,-0.39538431,-0.74423287,0.20927137,-1.18555705,-0.82766213,-1.06166399,-0.94818539,-3.70314783,-0.57732028
0.29536266,-0.68962359,-0.68272829,-0.68146451,-1.51520735,1.85225420,1.05046996,0.91984731,-1.06764971,-0.01907025
-0.47705067,-1.56272780,-2.74680157,1.31794871,-1.54124996,-0.58400499,-0.19058732,1.31777783,-1.11743649,-2.26173539
-0.54917539,-0.24703426,-0.12347621,0.01504768,-0.86943121,1.34467997,0.74361140,0.13568817,-0.95886096,-0.11604892
-0.21942412,-0.29258459,1.87789634,0.75675469,2.83871141,2.34892780,1.57058955,-0.22101542,-3.36045120,1.98950710
1.12096673,-1.31502275,1.24654603,-1.27213978,2.11135252,0.83496577,-1.34593668,-0.99066234,0.61894672,0.70928124
-0.53081904,-0.58552987,-1.37928450,0.91256778,-0.82502551,2.40897169,0.47651891,1.15561942,0.51871430,0.61879209
1.19676500,-0.91099469,-0.57644603,-0.87338776,-0.69617821,1.17823375,-1.85949982,-1.59130385,-1.26920090,0.40915253
0.89388163,1.16427294,-0.57072570,1.50954143,-0.22270749,1.96093190,0.55794600,2.04119641,-1.92400602,0.07059521
-0.43282888,-2.84034492,0.48448275,0.60139940,1.74187505,0.57492891,0.31312378,-0.25890405,-0.28648122,-0.08812608
-0.30973009,-1.59132024,0.86518752,0.02341042,2.06686633,-0.28459103,-1.26197843,-1.79665697,-0.16308693,0.69108142
-1.38657049,1.47777674,0.26084641,-1.04840758,0.86398613,1.99164837,0.53601208,-0.09019188,-0.50159310,0.73485217
2.12053271,-0.07297907,-0.42539198,-0.71803506,0.42137277,-1.08550195,-0.24821615,0.74895890,0.61084968,2.12130051
-1.79832476,-1.79022099,-1.16130462,1.79481084,1.63488825,-0.13304446,0.08817932,-0.79218329,2.42554263,0.43616790
-0.07461156,0.32651772,-2.76911309,1.46312332,-2.80139009,1.98553329,0.77362458,0.15842625,-2.48893854,0.12848907
1.08353605,-0.02800915,-0.22629331,-1.71713225,-1.20194747,-0.66100179,-1.05684842,0.72157721,-0.63814504,1.06553377
1.26998324,-1.80366023,-0.34872732,-0.36826991,-1.48755843,1.27700072,-0.75774585,0.83197749,3.14371682,-0.33997256
2.51436488,0.43281909,1.39026309,1.24274615,-0.52968227,1.52896869,0.30882990,1.38911726,-0.32364680,-1.18425267
2.31428782,0.34832722,0.60609975,-0.70752326,-1.42741279,-1.19668238,-1.30902538,1.78619379,-0.43560802,-0.27400181
-1.51241807,-0.90700581,-1.29009859,0.02535447,-0.46491429,0.28233469,0.58485899,1.24932516,1.57320764,-0.19623991
-0.70526826,-0.14479889,-0.82201404,-0.44640984,3.38719001,1.50611291,-0.68141703,-1.31280780,-0.26026109,2.07926806
-1.18762195,-1.93425771,-0.80931020,1.23754517,2.06993120,0.17457409,-1.82183473,0.94985113,0.09640046,0.99317895
-1.08131504,0.56393877,-0.13120918,-0.70618560,1.90675249,0.97817841,-0.23442024,-0.02524207,-1.91920604,1.59039607
0.38548055,-1.08593524,0.73304048,-0.46747688,-1.00013565,2.21761613,-0.15524884,1.23191770,0.95058706,-0.35676478
-0.25950443,0.92042433,1.08008782,-1.94524031,-2.31215549,1.32121928,0.07761498,-1.91131103,-0.24141352,0.85357264
0.79510829,-0.47059313,-0.60680055,-1.85630407,-2.66073015,3.62464923,1.97889728,-0.21009665,0.09574690,-0.00505527
-0.78458727,-3.57646258,2.18113411,-2.69206367,-1.03759975,0.25381456,-1.11689000,0.93785012,-0.97178236,-0.19250207
1.90930030,1.07245367,-0.52714891,1.33318248,-1.99982733,2.19841599,1.02834759,-3.84966202,-0.60439948,0.74305251
0.14606196,1.40179196,-0.27792287,-0.56788414,-0.63437210,4.18037684,0.97812568,-1.84679746,-0.18489009,1.76118170
0.75825604,-0.95759424,0.23343596,-3.35623151,-1.24740414,-0.52536735,-0.58095966,0.35193564,1.38165600,-0.17708683
-1.03690387,-1.10255509,-1.42957813,0.64798018,1.05854398,1.37696019,0.59783439,-0.37824479,0.45041741,-0.73113864
0.34126561,0.60579674,-0.22760120,0.83379338,-1.26891698,1.79480443,0.91769123,2.32883115,-3.39797447,0.74399413
-1.29155119,-1.92162369,-0.28493497,-0.28911825,0.80576392,2.74885630,0.80046010,0.40741628,3.23565916,0.47122533
1.33295700,0.36781838,-1.57584603,-0.51891729,-1.66447993,2.08654311,0.22906602,-0.64159641,-0.12833026,0.15622256
0.72824184,-0.54132897,1.34687238,0.66473117,-1.35286805,2.80136798,0.40067393,-1.59691634,-1.36622006,-0.02810613
-1.56710483,-0.45469158,-0.11968010,-2.44346292,-3.98342893,-0.47254287,-0.21860747,1.22905047,-1.69992473,-0.26912995
-1.14291751,-1.42133111,-2.20674193,3.36064530,0.31269128,0.39767259,-0.63852600,-0.32055889,-0.37317306,-2.02355313
-0.53630817,-0.29183928,0.93320530,-0.43671921,-0.11168584,1.34127427,0.00317513,1.29159731,-1.15625639,1.25185046
0.31340517,-0.16323014,0.54613314,1.51598050,-0.78494269,0.40501763,-0.23482627,1.48182301,-1.53161022,0.10610333
0.75250149,-0.69968135,0.61350622,-0.73906839,0.34127923,0.49622782,-0.11063313,-1.00644635,0.61166255,1.28578840
0.10580635,-1.60240830,-2.05784995,0.43805448,-0.40045051,1.41462417,0.40184613,-0.83503529,-0.14352306,-0.03646803
-0.01567664,-0.35999065,0.03900071,0.31938173,-0.42730285,-0.09742912,-0.48888779,0.06348569,-0.35215417,-1.48895011
1.05990387,0.59126127,0.23113696,-0.11337957,0.08616473,1.93603172,0.87778989,0.76707611,-1.85282472,-0.82797182
1.53790544,1.42701443,-0.04860874,0.56691808,-2.03184355,1.93877305,-0.21113830,-2.42095661,-1.59406316,0.23527582
-1.97271957,-0.88126497,-0.10873964,0.62863820,1.52456971,-0.41409275,-2.42712452,-1.66220549,0.50717206,1.99186815
0.48328160,-0.91709254,-1.47726567,0.33754691,-0.31867081,1.87023496,1.27851096,-0.92867282,-0.50231063,-1.50282360
0.03087809,-2.61749969,-1.86151755,-0.69709046,0.82809366,2.13594980,0.66090092,2.71745982,-0.49738500,0.19706396
-0.98860357,-2.94086129,-0.33800510,-0.47827265,0.02528998,3.63640562,1.71075253,0.00898630,0.73495006,0.59972589
1.74981790,0.81696703,-0.38299243,0.01147190,-1.10925201,1.56609708,0.39893869,-0.95002235,-0.48491161,-0.11868056
1.99529488,-1.66305455,-1.81586225,2.42379481,0.98812861,0.99275231,0.08336338,-0.80915888,2.66722775,1.39130839
0.12089745,-0.55476945,0.80336286,-0.91818133,0.87237310,-1.24440126,-0.85076235,0.97681271,0.02460797,-2.52032187
-2.59525585,-1.83000143,-0.19195322,0.00532652,1.01045213,2.89301415,2.25916247,0.32873515,0.12997885,0.61041042
0.06721041,-1.45285259,-0.26235512,-0.83447113,-2.00344102,-2.25923880,-1.17873212,-1.37669275,0.95241771,-0.76503553
0.50893640,-1.95705327,0.12045912,-0.21097811,-0.20707491,0.76492837,-2.10634939,-3.02351200,1.71052329,-0.30467465
-0.41857262,0.36634337,-1.57791406,-0.21284537,-0.80086640,1.76822508,-1.38728148,-2.16420778,-3.12687111,1.00440825
1.04543399,1.49427187,0.11732581,1.62372981,0.42924883,1.36830120,-0.37021432,2.37840286,-1.06972419,-1.56483557
0.93600580,1.32756874,-0.63660825,-2.70451559,1.14886646,1.77369616,-0.12058307,-0.68997182,-1.26952153,-0.91819867
1.12099598,-1.75332372,-1.31887264,3.73239134,-0.95529715,3.82960190,1.17130006,0.04843773,0.61958073,-2.29089162
0.07311864,-0.51617650,-0.56497459,-1.53644054,-2.19589296,1.67911759,-1.54877511,-1.03680866,-1.85581756,0.11771049
-1.07841882,-2.01873511,-0.75080213,0.33714270,-0.31069236,-0.01019017,0.38979771,-0.05584429,-0.83770124,0.17886878
1.20838583,-1.29113518,-0.44933789,2.23653416,0.81051477,-0.91429535,-0.80719969,0.43929540,0.31973467,2.25893842
1.00184630,1.32266177,-0.50715312,-1.34731887,-2.37679647,2.68178241,0.15260139,-0.10469272,-1.40855645,1.46895575
-0.88938643,0.29305925,-0.28940889,-1.21896301,-2.85855419,3.41736357,0.96863191,-2.76279418,-1.44616473,0.36000629
0.52396886,-0.89061422,0.50082186,-0.35193924,-1.27081927,2.38117236,0.34200852,0.99182502,0.34127166,-1.63566198
-0.75422153,0.15362184,-1.30594196,1.33967624,-2.17231403,1.85238814,0.56285986,0.57505778,-1.41064151,-0.00681189
0.85836253,-0.90917771,0.46138566,-1.43926012,-0.92076674,2.34592490,1.30357783,0.62344237,-2.41277740,-1.52335127
-0.94981032,-1.09664080,-1.84814931,1.85765963,-0.29527825,0.77894643,0.66023962,1.36961998,-0.63682394,-1.19061949
-0.04967001,-0.77589325,-1.84906555,1.65754408,-0.71317787,-2.49921092,-0.95548031,0.31498247,0.38008733,-1.42887367
-1.28440610,-1.56028837,-1.09526924,0.94280633,-0.53468411,0.29670482,0.02084972,0.07966580,0.12168923,-1.66809684
-0.30016275,-2.98044798,-0.54445668,-0.44407894,-0.16699424,0.60904346,-1.20333705,-1.80427272,1.21592316,1.16784610
-1.20906037,0.66540512,-3.22248153,0.35642541,-2.17171305,0.83333761,-0.82366896,-1.74935593,-2.02344706,0.75708885
0.56334066,-0.61774855,0.69726331,1.78007114,-0.43863521,3.08739813,0.97846881,-0.24432194,-0.15592954,-1.66601057
0.36244115,-1.20049227,-1.26321768,0.70934962,0.21750454,-0.27811281,-0.56850714,-2.71712719,0.34966876,-0.36710620
1.47179842,-0.65747112,-0.40533517,-0.81830308,-1.07440264,-1.01282399,-0.45070502,-1.35101941,1.47512105,0.14970383
1.61566472,-0.61940169,0.65120863,-0.38441843,-1.26437415,-0.05893479,0.83436474,1.08810764,0.08930710,0.28674105
-0.00503489,-0.20339960,-2.26227737,0.04716539,0.09195277,0.36319118,2.02026596,1.04290325,-0.31392306,-1.19974391
-0.05338718,-0.48742941,0.59075967,-1.23453360,-1.62927902,1.35440400,-0.57420333,0.33453902,-0.09940319,0.56716351
-2.03752767,-0.84026562,0.57947839,0.35236076,-0.73539224,0.59027866,-1.21552111,-1.00234779,-0.35285566,0.37113514
0.08748171,1.18502686,-0.60546051,-0.41889390,-1.55764825,-0.54917074,-0.85652745,-1.74109049,-1.21013167,0.08681117
0.61916800,0.64828413,0.28364451,-2.40262515,-1.73000568,0.78156328,0.19324448,2.13137747,-2.54357860,0.07692371
0.40115919,0.36809791,-1.21849290,2.65467721,0.44232249,-0.29872923,0.16340509,-2.14121982,-2.84424225,-0.48780717
