-1.57649559,-1.50046127,-1.38930502,1.33473439,-0.96363832,1.15982670,0.73901889,-0.82079390,0.70713181,-0.54133407
-0.59349326,0.38146111,-0.70340759,0.69309230,0.09752434,1.17730937,-0.46645175,-1.73512261,-1.51950960,-1.43071632
1.67072694,0.43290906,1.24748566,1.35373319,-0.66785647,-1.09631992,-0.56036973,1.87063682,-2.99833385,0.06346367
0.32356910,0.12981808,0.63474199,0.81103758,2.29943056,-1.18316093,-1.06063162,-0.52043437,-2.31809132,-1.46174409
-0.36627204,1.91452046,0.50020146,-0.66090542,-0.67430852,1.06598132,2.06372968,-0.10015052,0.29118763,0.29096120
0.57700286,-2.33196664,0.06916086,0.41354304,1.94316714,-0.59979369,-1.18157566,-1.60130304,0.13023727,0.73660696
1.70964319,-0.78917909,-1.22721965,2.25568728,0.99656785,0.49917990,-1.71538941,1.60997259,-0.78595581,-1.99505533
0.51680896,-0.40488576,-1.48106611,1.20164092,-1.80221127,3.49750480,0.16686488,-2.35892797,0.24872344,-0.82363586
-0.44841031,0.86637855,-0.68617415,-0.37232824,2.11743676,-1.50792809,-0.39687857,0.98472674,-2.03412390,-2.50082430
1.09576011,-1.46716785,1.04626165,1.16686536,2.63972624,-0.55674914,-0.84185800,1.78805199,-0.04202908,0.68581523
0.81619121,-1.19067963,0.12367180,0.07909982,0.51187088,0.31670328,0.01846488,-1.92702295,-0.30241799,0.87364891
-0.23165270,-2.12991967,-0.36488801,0.37911958,0.86276317,0.02420402,-0.61330361,-0.03931546,0.55949734,-0.31102548
0.92738582,0.13916959,-1.14848565,0.11032370,1.13653273,1.62890770,0.24770094,2.22440907,-1.19729888,-0.92985024
0.41070545,-0.45184841,-1.36723406,-0.31892345,-2.12578680,0.67218998,0.32199491,3.10246226,0.86946379,0.12864839
0.31920242,-0.49497023,-1.80428064,0.44403694,-2.37771993,1.46350464,0.40854533,1.67283057,0.98636395,-0.58645604
-0.57436404,0.17352610,-3.01550085,2.23913156,-2.28937290,2.91093229,1.06553481,1.26863423,-0.45680088,-0.12210549
-1.08254035,0.39221238,-0.26212185,-0.44642801,-0.43983010,1.57805208,0.20628865,-0.83911113,0.10379576,0.05093122
1.25147879,-0.37232127,-0.51377403,0.72921143,-0.46300814,1.96495834,1.91137940,-0.98805874,-0.45649250,-1.37435451
-0.67131120,-1.03529244,-1.22935774,1.63457128,-0.47575319,0.23869214,-1.17395582,-0.01783831,-1.56832901,0.32464971
0.51826181,-0.35441448,0.55195354,1.84050789,0.64627782,2.10798798,-0.07560020,0.29764908,-2.68066634,-1.31861414
0.42757230,-1.55724526,-0.39364446,-0.63743865,0.18697078,-2.04590553,-1.00189929,-0.57717920,-0.58193970,0.21576525
0.99691757,-1.13621533,-0.68763566,0.49533239,-1.21404538,-0.49883503,-0.16390032,-0.80497077,1.55740273,-0.70059883
-0.61852063,-0.57660108,-0.44198633,0.50609649,-2.84964260,1.78205503,-0.84961974,-1.35168068,-0.01487152,-0.22834619
0.04575177,-2.04958632,-1.73027903,-1.45083915,0.97447705,1.08230146,-0.11151919,0.43622604,0.60854509,-0.05917311
0.63279746,-1.52540245,-0.08090647,0.45051418,1.66380507,1.44343472,1.82884365,1.09684602,0.33227228,0.70748479
-1.13617143,-0.74202861,1.62026188,-0.10597718,-0.96796013,0.75314405,0.37717150,1.22587710,1.05626576,-0.91909966
-0.34703154,-1.73980224,1.01978235,-1.07145412,3.07207209,-1.31980723,-0.78221322,-0.21870967,1.62473516,0.92782114
-0.62697935,-0.32010021,-1.57225122,0.53825907,-2.74764378,2.70309562,1.41854673,-1.55320125,-0.46741253,0.58337695
0.91590330,-1.28326411,1.03193651,-1.46722100,-1.19994903,-1.22579041,-2.15260128,1.80308934,2.52300265,-0.15254645
-0.74790938,-0.88062369,1.31208051,-1.20699206,-1.81081756,1.48710631,-0.25843011,1.21349979,-0.03597243,-0.60209658
0.38457899,-1.57363782,0.22063870,-0.93750180,-0.35085865,0.96170121,-0.22313021,-0.35221688,0.45098441,0.36653518
-0.29529875,0.85418588,-2.59668190,0.20642722,0.83924637,2.24936706,0.42237112,0.28951577,-3.00537617,-0.66515457
1.33807024,2.00242521,-1.02945483,0.15876005,-1.21304908,1.59073593,0.12809556,-1.46072367,-1.38083727,0.65265889
0.04301297,-0.82007387,-0.27631587,-1.46645572,-1.00122450,-0.06955556,0.07925824,-2.88211556,0.96599397,-0.32885202
1.00270476,-1.04280135,-1.19853600,0.72009253,-3.69529926,0.04488066,-1.47244811,-0.38846633,0.13606229,-0.45487731
-0.47340357,1.24235377,-0.07208928,0.74865952,-1.77854750,1.12156829,-2.50337877,-0.87539786,-2.18951406,0.06976274
0.20724420,-0.12673725,1.05848334,0.94959717,-2.54997792,-0.18350922,-0.41743142,5.88981564,-0.19832288,0.55141341
0.00690621,-1.64324516,-0.55791004,0.96623738,-0.35652463,0.08149492,-0.99613551,-0.49543683,0.49046680,-1.51398651
2.09018227,-1.68443479,-0.58430039,0.94086309,-1.66268588,1.13647287,0.62717945,-1.69938540,0.91004104,-0.92860913
-0.09872940,-1.04435551,-2.53370190,-0.13175015,1.57784395,0.32069387,-1.80448803,0.52810963,0.61940750,2.37927444
0.06817043,-0.56303667,-0.84494647,1.70388918,0.23947062,0.24801327,-0.75239087,-1.61332305,0.56837893,-0.67180849
0.47422418,-1.39511772,0.41460741,-1.81065880,0.04096962,1.42748241,-0.64481346,-1.93282391,1.38725235,0.15397587
-1.15587345,0.21401849,-0.65010406,0.03021715,-0.15361273,1.14356225,0.89990295,0.45562535,-1.36853290,-0.37716523
-0.13076751,1.10703942,0.60390366,-1.39134038,-1.78534110,3.58747654,1.51326243,-1.00366266,-0.47290918,0.69698042
-0.61137544,-0.33977390,-0.52212130,-1.52416010,-2.08115640,1.78202209,1.08893583,-0.12909788,-0.73469788,0.17010160
-0.41405691,-0.25210014,-0.10263574,-0.59760484,-1.63737045,-0.32082298,-0.93962465,0.34091773,-2.44198516,0.13698805
0.42471387,-2.52120564,1.10907849,-1.94385959,-1.01105842,-0.16795765,-0.20260882,2.53298172,0.71719957,-0.02992284
1.27724148,-0.62759155,-1.58880842,1.36176192,0.97169007,-1.06929988,-0.81437479,-1.21980334,-0.26307572,-0.97515759
-0.69196103,-0.95673933,-2.07601137,3.56255626,-2.26539095,0.61503270,0.51447796,-2.51592254,-1.60915948,0.02020597
-0.91162026,-2.05452314,-0.37246959,1.63355183,-0.35322226,0.89350876,1.45762134,-0.86462731,1.74364231,1.22453454
0.70814969,-1.17354407,-2.38084663,1.03756460,1.15293667,1.38918399,-1.46126862,-0.04996987,1.63679890,0.69461020
1.30477982,0.75405908,-1.10931475,1.46808892,-1.28356019,1.82739946,0.11335488,-0.53738631,-1.48480453,-0.07937268
1.13293648,-2.46927023,-0.60270285,-1.73255372,-2.29809741,1.24866434,1.41337469,-0.54583103,-0.56574596,-0.62890207
0.47569496,-0.01164671,-0.27190452,-0.36078614,-2.25120101,2.58939653,0.13689098,-1.31949032,-0.04916784,-0.67399091
0.47672777,-1.98898810,-0.44697210,-2.39431910,-0.42835471,0.73153906,-0.19225757,-0.28086918,3.07526607,-0.29165143
-1.36099544,1.01139277,-0.13179058,-0.90613485,-0.74352094,2.66477541,1.00545510,-1.87138457,-0.88406597,-0.73796087
0.26139045,-0.02565017,0.32930086,-0.63433726,-1.08549223,-0.40528775,-2.08571289,0.28155227,-2.31600370,-0.32252404
0.68684692,1.11848806,-1.85598347,-2.10761019,0.34330502,-0.28275150,-0.01605416,1.91598695,-2.05651646,1.68962047
-0.16089635,-0.84041772,-1.91654371,1.68453642,-0.61003278,1.45872692,0.08472398,1.38957135,-1.16723168,-0.96882720
1.23072215,-0.70127752,-0.28658110,-2.71261321,-1.94350450,-1.16617340,-0.37326698,0.89657290,-0.26772683,-0.47111167
0.53551825,-1.39951943,0.36606788,0.75141165,-2.06424506,-0.89383274,-0.18197938,-0.78496491,0.11100083,-1.58213897
0.61775353,2.16410710,-1.45325343,-0.28333115,-1.52880704,1.85961296,0.87567404,0.24130057,0.74868477,0.18375891
0.03312236,-1.92835284,0.20888957,-1.20915633,0.97898903,0.54354221,-0.87706503,-0.56808016,0.12540312,0.28503016
-0.10856502,-0.77217965,0.33323801,0.33658761,-0.29067267,0.31284095,-1.24324631,-0.26764248,-0.50084814,-1.08681810
-0.20728595,-3.18314972,-0.12944543,-1.05347306,-1.25581773,0.45559421,0.69549385,-0.53348328,1.67285594,-1.26821436
-0.81570633,0.31316577,-1.88168756,2.42466524,-1.56226292,0.03571513,-1.34340057,1.22532779,-4.23218924,0.73046415
-0.20745169,-0.58855078,-1.24161621,0.92525155,-0.28418084,1.48161074,0.22652897,2.39588111,-1.65599880,0.66933326
0.25056545,-0.97012367,-1.23500319,3.13083633,1.63475556,-2.26638083,-0.97100632,2.01527726,1.47365152,1.18793653
0.66120142,1.76888650,-2.34089854,0.38068763,0.15220413,1.99938592,0.65147486,-1.08845372,-1.26182312,-1.17437588
0.79512627,-1.23293904,0.43956308,-1.61502488,-0.41166791,2.46898329,1.24952166,1.74142707,1.36477476,-0.58279991
1.04633924,0.63141093,-0.62544689,1.13979416,-1.21402368,2.62550564,0.64688509,-2.40569395,-1.13085399,0.86386677
1.76493023,0.16787715,0.79015061,-1.65723110,-2.00957918,-1.73795222,-0.77901654,0.37659206,-2.76868863,1.40045157
-1.44699746,1.98398779,-1.11234830,0.04059215,-1.18009625,1.81091049,0.35085619,-0.40735029,1.36522954,-1.04943208
-0.75322586,-2.36423126,-0.28548632,-1.59475804,-0.52627782,0.22130090,-0.12816009,-0.95187738,0.14016279,1.01370675
2.43937920,-1.75153781,-0.41664014,-0.20379608,-0.52164046,-0.12954620,-0.75042497,-0.13664109,0.77874453,-0.37258025
0.09319076,-0.57401813,-1.00023860,-0.25336881,0.75416750,2.02717064,0.55269969,0.44465310,-1.73513639,2.37311672
-1.75595149,-1.46616465,-0.35570219,1.66942220,1.53307346,-0.40345771,-0.91624515,0.24571855,1.74414258,0.63657315
-0.00157270,0.98802724,0.38422407,-1.01208290,-2.78543017,2.45226819,0.27665171,0.75322610,-0.63281762,0.13315738
1.65195478,-0.09645105,0.12401762,-0.61342637,-2.54694932,2.55891678,1.02214186,2.35720663,0.96637425,-0.39487552
-0.69865651,0.81278762,1.29908583,-1.48600333,-0.37360962,1.25255353,0.90655791,-0.02031311,-2.39246884,-0.55756860
0.74023425,0.13696466,-0.77556487,0.71800465,-1.56725633,2.15160411,-0.46236733,-3.77122217,-1.83999687,0.38593011
-1.07970897,0.36122728,-0.89828584,1.80013073,-2.59057741,1.98323160,0.37777295,-0.84661101,-0.33278506,0.89687822
0.07325997,0.47194620,-0.15884981,0.27373178,-0.53246509,1.89823833,1.94355954,-0.17882932,-2.60965576,0.25039027
-0.44247679,-1.86726940,-0.41438528,-0.99676061,-0.62242099,1.17409521,0.23949405,-2.04141389,1.03327839,-1.02309008
1.31791017,-0.45206002,0.16595932,-1.05646978,-3.02346926,-1.28586710,-0.78765236,1.19275784,-0.47554761,0.30197180
0.29384951,-0.51148307,-0.03067028,-1.86721908,-1.28863539,-0.92616148,-1.00148765,0.26792830,-1.05307098,-0.03023617
0.81290612,-0.90011746,-1.42305349,1.76556966,-0.93063090,-0.72993802,-0.97738456,-1.24759399,1.26254576,0.69417789
-1.31251757,-3.65405171,0.11465886,1.31180817,-0.81551086,0.46573488,0.18757254,-1.65423709,0.51169671,1.36713227
0.65947117,-1.31518625,-1.24779308,1.18851530,0.92955219,-0.00428084,-3.00188321,0.68931832,0.24381427,0.05794115
-0.72513948,-1.59085381,-0.93673943,1.50332007,-0.66256611,2.77565861,0.24987305,-1.99361623,1.61179305,-0.59852572
0.57633643,-0.65885666,-0.91464573,0.95021277,-0.79149564,0.78464520,-0.69832399,2.19234959,-1.89680304,1.18500606
-0.33445497,-0.82567236,-1.36595177,1.22141610,-0.25012863,1.06103536,0.67404222,0.79748651,-0.09319496,1.28919843
-0.03422457,-0.46757055,-2.39040746,0.33620976,-0.87939842,3.49135274,0.25148053,-2.48897253,-1.69648418,-1.01558901
1.83263733,-2.01086110,-3.98597599,2.25977195,1.36588264,-1.09704121,0.30178356,3.14896270,0.14109682,-0.10445913
-1.84491762,0.15977946,-1.83752772,3.22296186,0.57984917,1.81193189,1.21579135,0.08379205,-1.13235360,-0.94081111
1.71964349,0.11527218,1.42568819,-0.74832663,-1.35833343,2.55931167,0.96800998,-1.65722988,-0.98781466,1.19549199
-0.17504613,0.37215301,-1.19096823,0.11296717,-0.75284003,2.73676515,0.64078681,-0.96109221,-1.63628439,-0.06778788
1.60909071,0.30311867,-0.57716345,0.88830961,-1.87904044,1.01217687,0.35720617,-1.31402817,-1.94534397,0.54127931
-0.36952193,-1.70811562,-2.50170391,1.38581075,0.15270547,1.34405077,-0.98338148,1.85687728,-0.19568208,-1.38346393
0.67118480,-1.59342344,-0.42959115,0.85250818,0.08215714,1.10034355,-1.35344890,0.53188525,1.28151173,-1.65295370
0.26212590,-1.43467521,-0.23614523,-0.35071910,3.61073231,2.77016796,-0.01645415,1.32440338,1.88050915,1.06327953
0.05138215,0.71768091,-0.11705829,-0.31931369,-2.67344437,2.37732374,-0.04855969,-2.93828463,-2.01974083,0.23243997
1.52082857,-1.03464347,-0.82472758,-0.70726296,-1.52423920,0.68628723,-0.43700933,-1.17726833,-1.48645139,-0.64093703
0.06786744,-0.72432924,-1.08881802,2.43520903,0.46749770,-0.62084543,-0.60366198,-2.27150455,2.06092889,0.65063785
1.11719151,0.04724454,-1.38930399,-0.42653698,-2.42944379,1.85015666,1.66057759,0.41621830,-2.57668070,-0.37214583
-1.37693028,-0.63290294,-0.54318119,-2.91329720,-1.77765842,0.32245687,0.69518679,-1.29978541,1.24100180,-0.15412870
1.64335312,-1.12776654,-0.00013490,0.49789929,-0.79781194,3.03633692,1.75427961,2.14624793,0.39129285,0.78944475
2.84330388,-1.69870534,-2.19888390,1.50867058,-2.43925388,-1.09023449,0.09146352,-1.44063522,-0.35017098,-1.16449715
1.05340284,-0.48370695,-0.63134155,0.10916262,-0.06597792,1.00801458,1.03690271,1.07354339,0.48904224,-0.40970080
-0.12067762,-0.84304093,-0.61068606,1.19207439,-1.69327527,0.20392497,-1.90206907,-0.91563812,-0.65912756,0.03915163
-0.70925353,1.34894979,-0.73708709,-1.14501481,-2.15669968,-1.23144721,0.05716028,-1.23022873,-2.09236065,0.61357419
1.03647108,-1.34929183,-3.32582881,1.12906987,0.44582404,0.51924588,-1.38014332,-1.18263681,-0.39160630,-0.23384021
0.84296463,1.06792406,0.68150043,-1.18520218,-1.36170268,2.45815370,0.37397835,2.35086238,-0.34960825,-0.19583083
1.20848557,-0.57857533,0.98983179,-0.77845648,-1.90022304,1.23601967,0.28165146,-0.35130863,1.15059763,1.04083103
1.45397073,-1.87161401,-0.56055398,-0.11849844,-1.37709792,0.26509605,-2.02935992,-1.13286077,1.21906260,-0.52488078
0.93905881,-1.77692182,-0.32006660,0.70552509,0.76477945,0.28200356,-0.72565000,-0.78334280,-0.29836243,-0.43798877
0.12346754,1.47191822,-0.47872261,-1.71139638,0.99068315,2.17219209,0.82445768,-0.92496621,-0.60565588,-0.87205392
1.11123539,0.32577324,-0.60989714,0.18941376,-2.02479752,1.64394573,0.52813316,-0.44617821,-0.35767209,-0.76788142
-0.12648990,-0.15971113,-0.21093373,-0.40625744,-2.09559048,-0.09531487,-1.87352811,-0.89998862,-1.71306076,0.29107097
2.14417278,-1.16448639,1.25998175,0.12577546,-0.35240888,0.61955860,0.08028848,-1.45543884,-0.26034974,-0.61717366
1.29609462,0.83314227,-0.03667358,-1.35638654,-0.92150591,1.62619680,0.18776823,2.79374033,-1.89972120,1.44883952
0.61669110,0.23136556,0.65973553,-1.67810844,-1.20418811,1.63574862,0.47046354,2.13933138,-1.56989905,1.10909323
0.38681946,-1.49555013,0.39942445,-0.97238478,0.33910284,-0.04120639,-0.41359946,-4.46808395,1.73995024,0.26107680
0.35638362,0.74547374,-0.86996716,-0.24283322,-2.05165369,0.04159811,0.99461174,1.52309830,-1.89347453,0.21734459
-0.16184348,-0.80036214,1.77881164,2.70294390,-0.53053608,1.25280402,-0.21346078,1.95971590,-0.37453011,0.11129750
1.44662576,-1.01327235,0.20099114,-1.05366137,-1.33630621,-2.08609893,-0.38716702,-1.07073913,0.20153493,-1.00201648
0.35945586,-2.43710915,0.71643812,-1.04432992,-1.01385712,0.32638850,-0.95676036,-0.48317137,1.07888306,-1.18853034
1.53550835,-1.95040793,0.10549956,0.54094102,3.56659783,0.86177266,-0.75094494,-0.10217549,-0.24989608,1.40261512
-0.81533086,-2.52376529,0.33892033,-1.32571286,-1.01360916,-0.15143909,-1.68463549,-0.96370977,0.17211232,-0.38179707
3.37738326,-2.28945357,-2.02153225,-0.86854321,-0.44637199,-1.22679872,-2.17964335,0.17196704,1.80257046,-0.12161687
0.71651555,-1.66566485,0.02497334,2.34945617,0.18440289,0.22507024,-1.88884431,-2.76647020,0.90481822,1.18740380
-0.68611933,-0.98973628,0.47937873,-0.41852247,-3.96421816,-0.44427024,-0.59419879,-0.73226724,0.25210599,-0.62941927
0.38420477,-0.86967890,-0.16203250,0.36919182,-1.59816386,0.81420281,-0.54089423,0.32114687,-0.15012504,0.47618989
1.17577979,-2.75890737,0.64677343,-0.02702343,-1.04701321,0.60978512,0.37717199,-1.27559306,-0.52073826,-1.41995407
-1.42157402,1.19516043,-1.27266501,1.46722841,1.13646704,2.03550462,-2.53412986,0.01407143,-1.05818840,-0.30013334
-0.18199729,-0.91989238,-1.03451896,-0.78685233,-1.53860910,3.36679565,0.87523089,-0.34528043,-0.29829395,0.08307887
1.05790467,0.28708527,-0.04542576,-1.36116659,-1.48948341,1.56862950,0.58042176,2.41977194,-1.74496342,-0.18125012
0.56802152,0.30646879,-0.47832211,-2.02371113,-1.13252439,2.14519665,0.49728463,-0.67135341,-1.96934703,-1.07085217
0.39827686,-0.23900026,-3.17517496,3.30671235,-2.80250452,1.39415162,1.17812816,0.37235355,-1.04401464,-0.15889972
0.95134728,-1.44238918,-1.97235445,2.10828144,0.83806733,1.53534726,0.08024781,0.98589593,1.14068278,1.12077324
0.35732058,-1.94806488,-2.87481996,0.63581159,0.51273291,0.64290652,0.86522254,-1.14080552,1.21189728,0.10022849
-1.24815698,-0.38507321,-0.42646020,-0.38448727,-0.01083202,0.69542565,0.17694432,0.12000371,-1.51831347,1.41028212
0.86930043,0.09320776,0.15717705,0.20412237,-2.04413907,2.95250048,0.69242221,-0.54524527,-1.28551199,-0.41901352
1.73086616,1.12684240,1.18976013,-0.44756573,-1.36315757,1.72026133,-0.56309331,2.13160865,-1.42481185,-0.13685268
-1.71887620,0.34751722,-1.74037402,-0.36762313,-1.62730366,-0.03405745,0.28495539,-0.36082648,-3.33432721,0.61695880
-0.62275884,-0.58875291,-1.13755321,-1.58161465,-1.14362140,0.64606349,-2.00179535,0.09514799,-0.55252349,0.63722310
-0.58690533,-2.07785970,-0.66171631,-1.89339136,-0.20952476,1.16267832,0.31793222,-0.47426220,0.37627369,0.01290249
-3.08671937,-0.94635116,-0.70593090,0.25201436,0.50881396,3.29533821,1.19242585,1.09579728,0.72823299,0.07767227
0.24242700,-1.96167181,-0.96910305,-0.03846138,2.12920189,0.26345666,-0.17633894,0.11376953,0.45103722,-0.12334905
-0.28876082,-0.72752247,0.09512012,-1.21757203,-0.54147784,-0.05653535,-0.29179962,0.39677615,0.19289133,-0.24422502
-1.14945473,-2.22274691,1.59525395,-1.34519734,0.03867943,2.54162691,0.29352035,-0.32440466,1.30927047,0.03253159
-0.76601438,2.58896866,0.94360352,-1.03040776,-1.54878188,1.33828493,-0.10493778,-1.28864700,1.92752990,0.69691728
1.44973515,-1.64989439,1.55642030,-0.50414371,-1.02434530,0.27610705,-0.31762013,-1.72983102,0.27059162,0.25882694
-0.10358178,1.08581514,-0.07497319,0.04912682,-0.59249817,-1.53632486,-1.08256938,-0.15866846,-1.17229646,0.27675343
-0.02258541,-0.96721232,0.56286442,-0.48375854,0.14053934,0.91286556,0.57383935,0.16516948,0.24881946,-0.09027242
2.03245076,-1.19791380,0.01476282,-1.25477876,-1.15826592,0.03067918,0.79344613,2.33362356,-0.57232457,-0.36508017
1.30881233,-1.25755779,-1.34167079,1.60530073,0.07573005,-0.29053803,-1.45417429,1.03802215,0.91208264,1.84121245
1.11167474,-0.78710782,0.19756735,-0.23230032,-1.78988970,0.80314245,1.16975292,-1.04188989,0.03613301,0.27216603
0.36259831,-0.31615637,0.93495545,-0.49231589,-1.68648880,1.41088453,0.37887791,0.49895124,-0.71166291,-0.66079576
-1.13561540,-0.12818672,-0.59686841,0.72864140,0.57831081,-1.59817850,-0.43728892,0.23014250,-4.49660975,-2.35102355
-1.67384347,-3.12405443,-0.17280758,-0.18099193,1.09617063,0.03932246,-0.63232822,-0.07732626,0.32932694,-0.01485068
-0.24083640,-0.17299836,-0.38726315,-0.38861390,-1.71151466,0.92677167,-0.44190357,-1.36479951,-3.48363922,1.01155679
-0.25022000,0.02387913,0.20009418,-0.10456489,-3.01625909,1.24615206,1.61216163,-1.28518432,0.57597484,-0.38830585
1.15261449,-0.07015480,0.96381830,1.60073889,-0.35155808,-0.55580186,-0.26168603,-0.21752672,-1.67107087,-0.70960427
-1.35970656,-1.47561898,-0.60882924,0.31889248,0.63106193,1.43981788,0.15906100,1.94736484,2.31747465,0.08491161
0.74003118,-0.82228387,-0.32723027,-0.51371668,-0.13487605,-0.70397828,-1.49907171,0.13667408,0.78831896,0.09544901
0.31634995,-0.94866689,-1.55084904,1.99528062,-0.47184879,-0.58343671,-0.30223902,-2.51493515,1.20408130,0.06081760
0.02368695,-1.53989271,-0.91961353,-0.08050171,-0.09343761,1.39308462,-0.28492587,-0.37531473,1.31348136,-0.26456419
-0.02630773,-0.57365514,-1.75102504,1.15592271,0.78212283,1.48177485,-0.33091536,-0.37351465,-2.89219375,-0.37186570
0.46893302,-2.42315123,1.18814268,1.20435731,2.66900831,0.79222946,-0.08627076,-3.21033649,0.72761187,2.19050432
-0.12669011,-0.75844128,1.37781183,1.13565539,-0.54609714,1.18159092,-0.65822246,-2.74043837,0.97938352,-0.14154741
0.18080255,-3.73494266,-1.33758330,-3.79304027,0.55698263,0.26233631,-1.89772360,-0.07697622,1.35262115,-0.86288105
-1.16110113,-0.66696194,0.56095651,-0.08443517,-1.05910083,1.59517693,-0.18118677,-0.78938473,0.96540904,-0.80608524
1.51404833,0.15923573,1.73877015,3.46090109,2.19412798,1.42459767,0.30159114,-2.16422965,-1.68987902,-2.00366567
0.88640370,-1.08027292,-1.21905298,0.75229232,-2.04984702,0.11224457,0.07314761,2.47763134,-1.03311964,-0.22369452
0.17855574,-0.47752803,-0.38725736,-1.00129207,-2.89457766,1.32045766,1.61301942,0.05964054,0.27380067,0.03169952
0.87521127,-2.80614691,0.13226759,-2.22805406,0.21640457,0.13337058,-0.40628455,2.34796913,0.49758067,-0.48600832
0.27974408,0.88742601,-1.12334176,1.87865831,-1.31525994,0.37182819,-1.61054646,1.43976350,-2.62089090,-0.40241767
-2.17119587,-1.12631339,-0.72740112,0.58122504,1.77000933,2.97732452,1.54237459,0.08468563,0.86197695,0.70678071
-0.42882028,-0.45753367,-1.21067870,0.48214858,-2.48584805,1.77406756,0.71491658,0.77441050,0.96065882,0.30585260
-0.53705846,-1.76843061,-0.72283682,1.47616557,-1.41825466,-1.39280711,-0.10917299,0.52056853,-0.10410960,-1.23769232
2.94696641,-0.07624573,-2.06076209,0.86862644,-1.44484154,0.40529388,-0.78293806,0.19462172,-2.09644089,1.33176533
1.17277092,1.03495939,0.63148184,-1.13234422,-1.12629595,1.85606009,-0.05291961,2.48242458,0.15791984,0.22787725
0.80615026,-1.42392859,-0.74371784,1.37241500,2.01997450,3.26881005,0.66025139,1.07787567,1.99591975,1.71979314
0.34354524,-1.52327804,-1.12884572,2.00238759,0.13810588,0.55010046,0.37588378,-0.16960099,2.36953601,0.10212381
2.71371683,-0.54591696,-1.40668580,1.31604493,-0.30597852,-0.33548074,0.36005672,1.33231772,-0.01041317,0.02916331
-1.31459559,0.44284744,-0.37148973,-0.62779619,0.52275783,2.07311962,1.04056264,-0.77836672,-1.29178596,-1.27596127
-1.60747557,-1.32573448,-0.72053299,0.64671001,0.06874164,0.35469432,0.46138971,2.41094720,0.00000558,0.42497111
1.24367905,0.85858439,-1.41824483,0.82307846,-1.78945820,2.19613137,1.19908659,0.07659268,-0.30501305,0.39889346
-1.09334113,-3.23045972,0.67676599,-1.69152626,-0.92067379,0.36552819,-0.28440335,1.86999924,0.52345594,0.77728232
0.43927977,-0.75567241,-0.25399261,0.55670744,-3.56588649,1.05916602,0.23034000,-0.23689047,-2.04556937,-1.14074354
0.02982578,0.15259424,-1.02577650,-1.69769347,0.16519530,1.06578745,0.08192838,-1.07806581,-0.93856220,1.04175879
0.36116772,0.48941404,0.13306517,0.08969084,0.67640304,1.17577529,0.03768269,0.31666567,-1.41190253,-0.05014726
0.26531082,-0.70183021,-1.26720497,0.45375644,0.51741626,0.72348674,-0.16073124,-1.16013511,0.17142443,1.05865504
0.63025002,-3.36321269,-0.09841735,-1.43924801,-0.24592762,0.58760128,0.57093814,-0.75926621,0.83739932,0.35581296
-2.10395764,-3.38667661,-1.37607353,0.00201607,-0.00984057,0.59788059,-1.40957980,0.24522839,0.72977800,0.61911443
1.29445343,-3.21541121,0.30389248,-0.33802209,0.67746438,0.29770477,0.86261918,-1.50528945,1.40166065,0.15102343
-1.17232480,-2.12167087,-1.97507815,1.65045948,2.14107055,-0.09238665,-0.70044207,-0.95712227,0.25244407,1.28902234
-0.00181606,0.51332575,-0.05279954,0.19236164,-0.79463479,1.94645140,0.46632864,-0.54176027,-1.84125950,1.09793802
-0.33158941,-0.06189907,-0.91198215,1.25292510,1.17627573,-0.52399233,0.04526980,-1.51655152,-0.16154121,-1.73187194
-1.14137146,0.45547247,-1.94157114,1.57694327,-3.40655964,1.70810995,0.10942209,-0.37199969,-1.80890713,0.74161420
0.45957680,-1.14227355,-0.50438703,-1.41743273,-2.37018888,1.39488647,0.58846581,-1.33999995,1.05454633,-0.24621658
-0.19704817,0.89919557,-0.41342819,0.78041359,-0.09857148,1.56309480,1.39241818,-1.26929567,-0.60368164,-0.21419441
0.08562378,1.09631362,-0.49789547,0.41752301,1.21531711,2.59158795,0.37961204,-2.51794459,-1.91273579,-2.15773658
1.10248344,-0.29568187,-0.26955613,-1.32515445,0.00017355,-0.23135459,-0.77680332,0.70311378,-0.89695227,-1.39887739
0.69319417,-0.31912593,-0.75140758,-0.29308494,-1.93308639,3.48504184,0.70269007,-0.48744614,-0.02801305,-0.44813367
0.73670668,0.59407822,-1.22184032,0.51112454,-1.17793469,1.48506692,0.38354872,0.53774642,-1.77761342,0.80213301
-0.55253454,-0.54971647,-0.86212810,0.69740116,-1.78887718,0.57239603,-1.53895841,0.52443400,-2.59424413,0.42574900
0.04455438,-3.08074626,-0.67869268,-0.01301412,0.92879245,0.45246888,-0.76858767,-0.13967340,1.73612137,0.56998984
-1.12759116,-0.06293600,-1.89116925,-0.78543698,0.06392097,0.91483958,-1.79104266,-0.67318917,-2.79306327,1.52191413
-1.06058834,0.60121416,-1.04184042,-0.44528953,-0.09707292,1.19630563,0.47879671,2.60129767,-2.56087809,-1.11899127
-1.62440528,-2.42708187,0.91624957,-0.79534971,0.92775084,0.58065071,0.00845755,-0.50364145,1.89344797,1.93717225
0.04596379,0.62695179,0.20212011,1.67128704,-1.63470940,-0.00164608,-0.15542247,-0.99468418,-1.28974552,-0.31747121
1.05590118,-1.54141056,-1.01875906,0.97641048,-0.87057899,0.80943529,0.45764480,-0.06560595,0.91636297,-1.05694942
-1.73143605,-0.32537680,-1.27688911,0.87277708,-1.64682293,0.31497010,-1.27313382,0.13058039,-1.00575130,-0.37871845
1.24890899,-0.20988598,-0.42710052,-2.87372957,-1.71967248,1.54350997,0.83145607,-1.22808946,-0.17003478,0.04586387
1.62875892,-0.14832732,0.61594584,-0.16077000,-3.39489426,1.07876342,0.31044420,0.14973316,-3.36267236,0.30970601
0.31759975,-0.83916044,-1.15408926,1.94701647,-0.90035374,3.24925935,1.39411906,-1.98281731,0.10850333,0.30203284
0.58511204,-1.25846489,-0.30685174,0.57999918,-1.60667327,-0.61157767,-0.22424145,-1.59403124,-0.40113550,-0.40502536
-0.97043823,-1.49752431,-1.02571768,-1.32013069,1.67994083,2.96272809,2.30415251,0.44696322,0.36429478,0.07230283
0.19857161,0.53724636,-0.20284969,0.43931665,-0.42862925,2.73976452,1.06189747,0.84454141,-4.44913057,-1.38453761
0.34169842,-1.60388391,-1.11006711,0.30391990,1.19273518,-0.34884609,-1.90317511,0.89150196,0.79098527,0.37332750
0.35136184,-1.26880205,1.37943836,0.09423645,2.31139967,-0.02818459,-1.16541563,-2.27578874,1.27451327,0.67041690
1.22261031,1.18753945,-0.15349251,0.53755919,0.38534113,-0.66502022,-0.13735556,0.63918950,-1.36509959,-2.08515897
0.33294919,0.16524013,-0.23283305,0.10577765,-0.38808366,2.13491741,0.96098436,-1.73283044,-2.52561611,-0.79806203
-1.23233534,-0.65732649,-0.75621978,-1.01125130,-2.13182077,-0.30802040,-1.55035546,-1.91438322,0.93812015,-0.15961268
0.42361285,-0.13746575,-0.61953797,-2.54693897,-2.13754280,1.54079671,0.32041439,-0.58057528,-2.84691946,-0.04193514
2.35903592,-1.51285988,0.76681432,0.28503158,2.53360276,0.49554912,0.30954998,0.62471539,2.32298329,1.54132274
1.69574231,-0.42587991,-0.12358113,-0.63240897,-0.49886064,1.57519862,0.16655360,0.70417190,-1.77053139,0.07772786
-0.15738775,-0.65380867,-0.49009668,-2.39367563,-2.57259233,3.37076841,1.16806007,-0.89382419,0.70621911,0.52953250
-1.73212312,-0.78571822,0.60705657,-1.41099690,-1.08589384,0.07077483,-0.50781159,1.00742995,-0.44112204,-0.22236999
0.27396024,-2.90173327,-0.97105661,-1.82685792,-1.11358349,-2.87547970,-1.44957099,0.67964317,-0.21753014,0.02872366
1.25211180,-2.38955912,-0.89179415,-1.03633753,2.11411969,-1.32675483,-0.06842865,-0.69470313,0.84354964,0.92657874
0.26380863,-0.18316029,-0.99160019,2.54030294,1.22305161,1.76457857,0.22470559,0.80679090,-3.09729128,-1.40341761
0.37608193,-2.07326648,1.00303509,-3.24472598,-0.56966691,0.14010081,-0.43720059,-0.96006574,-0.37429067,-0.03120093
-0.49889154,0.01979890,-1.13459408,0.24505150,-0.79410703,0.66375261,-0.57068350,-3.07814319,-0.67710562,-0.46375914
1.35342087,-0.51655338,-1.55009622,3.34973098,-0.83113584,1.96840172,-0.78147076,0.40150943,-1.72460049,-1.27458812
1.56562421,-0.57659353,2.20560659,2.43098153,-1.57307651,1.30740865,-0.82242649,-2.01419899,-0.76645270,0.30400393
1.15075403,-0.91744752,1.72389403,0.62338247,-0.91883658,1.24634175,-1.34857013,1.42532837,0.03261398,-1.15101070
-1.18030598,-0.11504211,-1.03222687,-1.78584741,-1.50794587,-1.54209819,-0.31866765,0.20415211,-1.78907409,0.31976413
-0.41921067,-1.49696949,0.08796944,-0.14076025,0.33254475,-0.39408091,-0.23688514,0.50505209,-0.17989397,-0.92950490
-1.34243487,-0.45148634,-0.06480583,-0.12319272,-3.34707382,2.48170591,0.63000019,-1.81256840,-2.46461909,-0.18628633
-0.77477026,-0.09245200,1.11127975,1.26630387,0.38657271,2.56686628,0.56213292,0.68177046,-1.38599125,-1.37127130
1.21235144,-1.50618353,0.14339004,0.02117207,-0.18537853,-0.09427426,0.52854965,-1.74568523,-0.54382097,0.03335066
1.12016573,-1.13439494,0.96089871,-1.69707075,-1.39887578,3.36724136,0.65013072,3.35118482,2.04143896,-0.16514739
-0.98728906,-0.85031115,0.58872808,-2.37862670,-1.75817014,-0.40699694,-0.60400981,0.76103802,1.37962709,0.35026124
-0.93807916,-0.91540657,0.28195831,-0.41674660,-2.49198589,2.62131614,0.80549427,-2.25516893,-0.53198755,-0.75699908
0.15162839,0.29142355,0.69315436,-0.92284868,-2.58850133,1.84210290,0.30755531,1.49492898,-0.78528687,0.93933751
-1.47667602,0.48152044,-0.54134635,0.41361426,-1.07621999,1.85623177,1.54371475,-0.09429920,-2.91190532,1.40052295
-0.40736062,-1.52367622,-1.04988268,1.34174738,-0.30802105,0.05361109,-1.80031158,1.38393273,0.85858437,0.16629454
-0.91000860,-0.19069860,-0.12185573,-1.21651316,-1.61129798,-0.37271634,-0.56119171,-0.94036826,-2.49667532,-0.45263484
-0.31201760,-1.60882639,-0.48464531,0.74172405,0.00672055,2.05302288,1.40150683,2.81794230,2.43176679,-0.11321229
-0.26291285,1.18062314,-2.38546473,1.31350823,-0.32165969,0.98617885,0.47607559,-0.16219193,-2.93947954,1.47933063
0.67947744,-2.18159260,-0.83999375,0.62585273,0.45116996,0.91675930,0.85828714,0.61163112,1.34027307,-1.84278054
0.74960743,-1.08241342,-0.14643021,-0.25058442,-1.53486692,0.98880224,-0.68177414,1.84413843,-0.57076429,-0.90998660
-1.71795990,1.68671716,0.80337877,0.21070133,0.88440583,3.08981519,0.63978752,0.10690194,0.53235684,-0.09060510
0.87676248,-0.23604014,1.01029667,-0.09678730,-1.93117218,-0.67788742,-1.04792852,-0.12591895,-0.60579540,-1.96280888
0.21835007,-2.41725264,-0.22892146,-1.48603645,-0.79992111,-0.03153345,-1.28126856,-0.12685626,-0.25411276,-0.16051523
0.50384822,-0.44063061,-0.29797225,-2.32440392,-1.07920232,2.26497336,1.66932654,0.58472762,0.57806165,-0.15079184
0.59079474,-1.98304743,-0.44841197,0.55528288,1.36012826,2.21718010,0.36731687,0.63287094,0.19110617,-2.27237473
2.93060944,0.44288597,0.41215955,-0.06885293,-0.04714626,-1.38554855,-0.89936438,-0.46116293,-1.84050288,-0.11399264
-1.87719580,-1.44413755,0.58212068,0.51209781,-0.22348541,0.38781232,-0.30395390,2.01567837,0.49131506,-1.98650258
1.43747851,-1.07603562,0.02471325,-0.42261633,-0.81748747,2.91503026,2.47355505,-0.50355394,-0.69179032,0.04440975
1.88114856,-0.94420363,-1.89821860,0.43558576,0.40739142,-0.53728865,-0.61802558,-1.72305288,2.89765005,2.13836769
0.12309177,-1.43007389,-1.48657624,0.74764224,1.32465162,1.08173171,0.61910580,-0.67060856,1.25289779,0.46665821
2.28823956,-4.26801980,-1.42187951,-0.76384564,0.61929418,-1.05002501,-0.96931628,-0.58091013,1.62206714,-2.16445677
-1.14863422,-1.60264764,0.70168221,-3.16663257,-0.69473186,2.89928867,0.79720428,1.93048842,2.07907168,0.00029493
-1.52481776,0.33725411,-0.54451957,-0.48852273,0.62746047,2.19196990,0.48462089,0.13898080,0.63066847,-2.39608962
-1.16641379,0.12481206,-1.87540126,0.96340256,-1.12740253,-0.05840047,-1.23161004,0.03639016,-0.82755459,1.03419863
-0.88468106,-2.34421294,-1.68607203,-0.83160346,1.61021048,-0.80331929,-0.19830170,-0.28915583,-1.45072386,0.03704428
-0.80389783,-0.00979079,-1.54488171,2.16054773,0.48101479,2.28850215,1.12443376,1.54259055,-0.56069897,-0.99316457
-1.79489650,1.94475988,-0.26290698,-0.09214316,0.05538143,2.61695407,0.29817303,1.80217820,0.15328115,1.28038482
1.70806713,-1.42211413,-0.86304204,-0.73671540,-2.16711094,1.23178294,0.82167561,-1.03145521,1.09223205,0.03708133
0.98470164,-0.10272411,0.60311859,-1.22012137,-0.46972972,1.82552262,-0.17414043,1.92177826,-0.03407411,1.71702245
0.19502979,-0.51198550,0.12151995,-1.01227072,0.45324148,1.23905162,1.59924882,1.35024222,-0.60096758,0.06955934
-1.20808939,-0.53086018,-0.02524495,-0.80062295,1.30549095,0.56981732,-0.10614234,1.37160654,-0.48403618,-1.47317526
-0.01788583,-1.86653984,0.13061909,-1.67381744,-0.45065732,1.23429941,0.51512911,-2.45701923,1.40031001,-0.94880529
2.24400894,-2.06676087,-1.28097284,-0.42829899,2.38886677,1.12140167,0.76389592,-0.76076055,0.68056262,1.84434876
1.57459345,-0.60583788,0.28172363,-1.25302464,-0.34959932,2.10578422,0.40610048,1.38186748,-0.44139843,1.43122116
1.94700939,-0.79108791,0.20635289,-0.69804224,-0.62298903,-1.22939595,-1.47163398,0.75703111,-1.05034988,1.07666945
0.06058753,-0.21921240,-1.80625381,-0.01727003,0.86426119,1.03478958,-1.59808906,0.09710588,-1.77066308,2.18221622
-1.65226356,0.35504220,0.16773285,0.23909928,-3.60348579,2.12274643,2.49921288,-2.09161143,-1.24568971,0.04003616
-1.01886196,-1.33709532,1.54331410,1.04771630,-0.42249608,1.06354665,0.38743032,-1.23031355,1.09378573,-1.94793257
0.39539902,-0.39668256,2.05741334,1.42879917,-1.20850190,-0.95582057,-0.45447090,-0.33696076,-1.65702920,0.38689336
-1.02960026,0.01798039,-0.38463601,0.61318903,-1.63405981,-1.28455465,-0.71590450,-0.44580740,-1.83830774,0.21427724
-2.44582202,-0.65076389,-0.51018895,0.31564805,-0.57210074,3.11993959,0.77400103,-1.28517157,-2.76817713,-0.70444085
2.09269105,-0.71783797,-0.46002097,0.32390582,-0.05701759,-1.31043178,-1.45804191,1.29490755,0.68495607,-1.74354504
1.40670303,-0.73872963,-0.69173712,0.20968275,-2.00926117,1.56412814,0.72248391,-1.05505863,-0.52903399,1.07690662
0.06581362,-0.54388874,-0.68792279,-0.16807775,-1.02179931,1.71213718,0.25455353,2.38895490,-1.28601069,0.15649296
-0.51398210,0.52175104,-1.63238004,1.37686665,0.68078608,1.26914965,-1.04422929,-2.55008570,-4.94211545,-1.06931011
0.54873696,-0.80405076,-0.96065141,-1.56583965,-0.72370058,1.54460263,0.26251865,1.55185273,1.38791503,0.53188712
-0.55880408,-3.17746862,-1.27276434,-1.27345474,-0.22824978,1.27627510,0.10427864,0.43313507,1.61981133,1.22492391
0.96988008,-2.79332295,0.78440815,-1.21663422,0.84695280,0.36150091,0.06246103,-1.69143056,-0.50062740,1.00354723
0.16993670,-1.67420503,-0.01674527,-0.98071715,-1.03867201,-1.73060247,-0.79129489,-1.24216702,0.87483446,-0.88975722
-0.06228382,-0.47887101,-0.61624146,-1.74513426,-0.71014566,0.05744835,1.54193602,0.46175953,-0.57750234,0.51409789
0.42275281,-2.08298834,-1.16914430,1.77113374,0.75821786,-0.81926743,-0.50361538,-1.89881991,-0.79578195,-2.07697125
1.31143591,0.66930219,-1.94854077,1.54130173,-3.34919535,-0.67535873,-1.08879885,-0.62632590,0.50613924,0.80842900
0.53786518,-2.41774054,-1.77270099,-0.08316762,-1.72721689,-0.06589172,-0.91344818,-0.14169775,1.08605702,-0.14261516
2.22093581,-0.62109258,-0.64607544,-0.24822256,0.10710999,-0.28800362,-1.24527784,2.07350305,0.19388021,-1.02994356
-0.35268764,-2.54183229,0.99975380,-1.41318455,-0.43105947,-3.28245897,-0.82333197,-0.21293636,-0.38480138,0.54568940
1.78210086,0.25333492,-0.85697209,0.04668322,-2.82981033,-1.22134471,-0.87638842,0.11821493,-1.81189338,0.52869636
0.94466983,-0.03849585,-0.56409385,0.19369076,0.66782553,-0.51801689,-2.26427502,0.63721519,-3.29276986,1.96006479
1.07072842,-1.81112733,-0.43800909,-0.56279288,0.29168913,1.19723824,0.35013256,-0.20227306,0.55796377,0.81783052
3.93429129,0.17308169,-1.65519231,2.24806397,0.14342664,-0.99595964,-0.53216059,-0.69726243,-2.30107888,-0.53298340
1.16587977,-1.74717006,-1.03974853,2.87987573,-0.40836747,0.25373504,0.31823153,-1.47731018,0.67405042,0.89087974
0.66905720,-1.05205733,-0.39363057,0.27506950,0.93267618,0.16927742,-0.42494925,0.65862207,-0.56471670,1.67006071
1.27042995,-2.32837612,0.86554648,-0.39827358,-1.27945513,0.07327231,-0.19330919,-1.53022743,0.67157025,0.07488287
-0.65366511,-2.24963766,0.49873217,-1.47589237,-0.18190550,0.02172816,-0.44902484,-0.65627646,-0.15519284,0.02666256
-0.10520229,1.02010123,-0.73869307,1.16126910,-1.70972423,2.37230020,-1.36506251,-0.74295584,-1.07183528,1.73414091
-0.14962316,-0.73824515,-0.36045279,-0.24147702,0.04246360,-0.95332880,-0.76644119,0.85816621,-0.51819679,-1.43914699
-0.16587927,0.48918679,-1.09017841,3.07874327,-1.14606997,0.57808253,0.56149271,-2.33058610,-1.20134007,-0.16392099
-1.43364549,-0.15792474,-2.66667773,1.82131421,0.36077790,2.47025550,0.82141807,0.97420016,-0.75489540,-0.46210701
1.07923079,-1.71716769,0.53601739,0.40094611,2.13928004,0.36712682,-0.02469094,-0.29070641,-0.06574203,0.77988355
-2.95416277,-0.48826448,0.35657892,-1.12084464,0.17570495,3.43887435,1.22633459,-1.51925065,0.03458710,1.29226743
-0.83293346,0.04718443,-0.27812613,-2.39700354,1.29397975,3.41302801,0.68959687,-2.23244891,-2.27161765,-1.55640421
-0.45069935,-0.32113183,-0.70039522,-0.05543331,-0.40057622,1.29958388,-0.61264251,1.01877538,0.33806234,1.39309359
-1.57541156,-1.90683420,-0.95845174,-0.02591206,0.43738929,0.37429232,0.31299473,1.58235739,-0.35431699,-0.80102495
-1.02356086,1.08550057,-0.58375779,-0.30092905,-0.11125898,1.27559706,0.30982564,0.83935832,-1.90653835,0.51980467
1.94870120,-1.48356349,-1.39219584,0.61143346,0.37573776,-0.95982851,-0.31492807,-1.04284158,0.97935237,0.17779298
2.42646878,-1.31345879,0.75799150,0.30789157,-0.07957535,-0.62787861,-0.63664988,-0.04673443,0.45721918,0.30402228
0.49021355,-0.18980907,1.22560508,1.14221771,-3.01055865,1.90709589,0.27360791,0.43448316,-1.29193936,-0.28613701
0.06502604,-0.25291799,0.55351003,0.31875054,-1.61806566,1.69035866,0.51492355,-2.43285410,-2.19876925,1.10879732
-1.00261522,-3.38735913,-0.85892780,-2.62640958,-0.11244594,0.39495297,-0.13170299,0.26962176,2.15373527,0.62315604
1.39870112,-0.01609935,-1.26405365,1.45676517,-0.56510837,-0.67300247,-0.32076628,1.68025299,-1.94255641,-0.96931737
0.87184395,-3.91192362,-1.12727725,-1.67460995,-2.14179139,1.01267545,0.50394186,0.88407016,-0.96222465,0.19378909
0.10404624,-0.54072339,-0.13691661,-1.77621864,-0.83353860,0.07089851,-0.41663083,-0.69255327,0.07429265,1.23032517
2.50949796,-2.36563154,0.01547816,-1.94049630,2.36119839,1.68213714,1.81500151,-0.25254586,-0.74557722,0.20074645
0.09978855,-0.31614075,-0.50543352,-0.24156659,-3.01590909,-0.01157068,-0.68572144,-2.71478397,-0.03090728,-0.04191972
-0.93059326,-0.21995448,-3.22732305,1.76714951,1.47362807,0.78451311,1.23181047,-1.64737706,-1.65954070,-1.30884752
-0.69073684,-2.47888367,1.83099696,-1.73151021,-1.01974486,0.30180282,-0.73223471,0.64832256,0.19932908,-0.01065255
-0.02462164,0.91148023,0.13269125,-0.26821446,-0.47520830,1.07651968,-0.68411074,-0.43139627,-1.62654558,-0.10949856
0.48713231,-1.27124860,-1.36495216,2.69746651,0.56457188,0.83954839,1.21336894,-1.37905981,0.35608731,1.08641016
0.04095148,-0.42272124,-1.25161856,1.42991547,-1.60075052,1.01009378,0.42362551,-2.69788436,0.74822108,-0.41207766
2.38237988,0.26622954,-1.95563557,-1.28626424,-3.35962503,1.08182269,-1.09679721,2.43299971,-0.57780273,0.33992583
1.17028356,-1.46733367,-1.49816134,-0.21364699,0.37835956,-0.44114287,0.06618613,-1.38147488,0.21155348,0.29933523
-1.42198513,0.32393875,-1.17712674,0.07850189,0.35472635,1.00484722,-0.57093557,-0.78327862,-0.96553146,1.01926877
0.28687547,-0.51366444,-0.71565446,-0.33625796,0.17469769,-0.65163804,-1.83207163,-1.07550646,-0.23332735,-1.38669214
0.90440741,-0.10234418,-1.04531053,0.38921283,-3.77024949,-0.57554500,-1.41795558,-2.14981800,-1.51213096,0.22856326
2.64379450,0.86780368,0.40420238,0.59131185,0.14348075,-1.12818082,-0.72701081,0.85084887,1.13607190,-1.42368127
0.64077596,-2.56955555,0.93293439,-2.18245653,0.51829360,-0.94001108,-1.13650073,0.64641835,1.06868075,0.05637162
1.01042165,-0.22338412,-0.28056624,-1.23996830,-0.83823883,2.37058237,0.73623381,0.64005601,-1.19035445,1.07444395
-0.37908028,-2.68194406,0.52188313,-1.19292668,-0.15495114,1.08047074,-1.27566037,0.16230517,-0.84751727,0.94132376
1.23253177,-0.74658959,-1.13844464,0.76906696,3.21194567,0.00856471,-0.08562069,-1.18587283,0.06956787,1.77835910
0.75486464,-1.53069915,0.03828248,0.67113779,-0.58668794,2.06387516,0.09577220,-0.52592388,0.92503032,-0.95806398
0.53238017,-1.30034265,-1.10995144,0.81681085,-1.62432134,0.29017193,-0.84719975,-2.27506483,1.37310725,-0.32080837
0.88884549,-0.44923055,-0.25162706,-0.91215947,-0.54400939,1.65671396,1.38994790,0.82800879,-0.45849926,1.53754006
0.55280517,-0.98460380,0.29991910,0.51561742,-0.32774348,2.20417918,1.66484254,2.05811490,1.58198564,-0.78780950
2.64993995,-1.36868656,-0.89947581,1.81228118,0.85171123,0.70454604,0.71515832,-0.38354590,0.98513164,0.73466942
-1.89539316,1.05727295,-0.32249522,-1.45370995,-1.70767974,-1.73018602,-0.63350895,-0.93379958,-0.71362415,-0.21430025
0.29591961,-0.18647852,0.81813258,0.34439167,-2.06609761,2.95377885,1.15411199,-1.44883129,-0.87058747,-0.43311107
1.05864812,-1.15131043,1.80845481,0.71680477,2.35841305,-0.26421135,-1.07492019,-0.51063434,1.03892714,1.15704617
-0.78078626,-1.50075402,-1.42591408,1.84118670,0.40030446,1.06122980,0.40029356,-0.00843340,-0.70418155,-1.70208834
-0.67393284,-0.47719347,1.19172548,-0.45681483,-0.24175382,1.79496463,0.23942573,-0.27378964,-0.15959841,0.28595085
1.77935136,-0.29197819,-0.19149583,-0.75596585,-3.92263272,1.65981798,0.20325816,2.76118531,-0.19932666,-0.50237479
1.13151223,0.24719015,-0.10658738,0.46640078,-1.00589326,2.76032478,1.09241983,-0.04951208,-1.05161142,1.55051141
-2.05096816,-0.44064892,0.73286717,0.83186548,-0.60965540,1.82692828,-0.24588687,1.32555974,-0.83613279,0.74245511
1.04249343,-0.58721218,-1.17648458,1.48243533,-2.00764181,0.84577425,-0.17989102,-0.77217847,0.56276220,0.04483763
0.95046568,1.54895224,-0.02583484,0.06856982,-1.05605581,1.56874089,0.41542060,-1.03114156,-1.69833597,0.36234018
-0.46564224,0.56382207,-1.27154133,1.98362563,-2.02269176,-0.61084380,0.37893707,1.44539692,-0.54502605,0.23921366
0.10636298,-2.40812215,0.21941969,-0.90438792,0.50324878,0.55405861,-1.16980271,-1.09145679,0.28789066,0.41246013
0.63086023,-1.34392962,0.67970747,-1.49622528,1.62911510,-0.69426815,0.43315582,-2.30561928,1.75033379,0.85057731
0.14669910,0.88329831,-2.33630551,0.92583291,1.49680143,1.82008044,0.11222917,-0.11703620,-0.07533541,1.94118922
-0.85836525,-1.09949110,-0.56320971,-1.28872748,1.70963922,-0.08405925,0.79856877,1.23163858,-1.19193449,0.57525919
0.34115899,-0.98427881,1.03751265,-1.11511209,1.45851121,0.15650630,0.01321425,2.73386135,-0.46832763,1.79751474
0.55830184,-1.56326339,-0.82439251,0.60016507,1.84345262,3.09084424,1.66921823,2.34401848,0.71072091,0.92466955
2.08299243,0.48277171,-0.82534979,0.20838528,-2.64366352,0.96191659,-1.35445484,-1.92644958,-1.38533857,0.28146666
1.72640489,-0.53718742,1.12169124,0.89536969,-1.92181471,-1.68495206,-0.83965093,2.08642663,-0.38748537,0.12090237
1.51585133,-0.61863570,-1.42532087,2.23980085,-1.59301286,1.04701123,0.50344986,0.54617441,0.51199072,-1.23839690
1.10627951,-2.01691612,-0.11120048,0.22963716,2.30433835,-0.75869694,-1.31604062,-0.93019410,2.23328880,0.14862429
2.82282950,-0.99129717,-0.08578159,-1.63245288,-0.40729759,-0.93724257,0.26216984,0.91092360,0.74755673,0.53326950
-0.32969625,-0.54890660,-0.12624381,-1.62175093,-0.52144344,-0.62550282,-1.37401381,-0.68979540,-0.75461611,0.66987658
-0.01935532,-2.02184605,-0.17105899,-2.52238818,0.56804058,0.85756934,-2.62642797,0.44532683,1.59895368,0.41245659
-0.93162731,-1.33941749,0.20849830,-3.20848800,-0.25005812,1.27667397,2.20323996,1.21446801,1.15774914,0.03719298
-0.72856815,-3.07795684,-1.26142883,-1.42623197,-1.11381739,0.09714974,-0.63653054,1.11764952,0.31371237,-0.37809001
2.48370548,-1.39559478,-0.53428373,0.34781448,-0.47546856,-0.96013359,-1.02762444,0.09047310,0.88636363,0.18341371
1.45325241,-0.73960599,-0.86273783,2.14865559,-0.31751005,-0.21971133,-1.27947422,-1.12583850,1.43607811,-0.77426567
0.11967242,0.33369787,1.52897023,-1.82047844,-0.82905966,2.95225485,-0.03572778,-0.45758869,-0.52832895,1.27536593
0.18869899,-0.42959993,-0.92831063,-0.38931097,-2.46641458,1.72176972,0.81386912,0.88210109,0.26747486,0.54958702
-0.95314606,0.15014850,0.69422004,-2.38769825,-3.57685316,-1.10269257,-0.54582167,-0.57218748,-1.66198718,0.72702432
-1.01637500,-1.18927997,0.05091687,-1.43729659,-2.41198283,-0.27151952,-1.26717950,2.28624481,0.23850586,-0.10919496
1.42040541,-1.18036399,-1.91811401,2.22724493,-0.76929010,0.19775572,-1.10641195,1.26113153,1.60779258,-0.27008962
0.94661273,-1.74945834,-1.74846557,3.14818180,-1.39464724,-0.14160127,-1.33760713,-0.94421270,-0.09151582,-1.42083537
0.48466993,0.89579670,-1.32715574,1.20960550,0.08080096,0.79945970,0.09325325,0.26129727,-1.29702691,0.97682630
1.61680336,-3.17472065,-2.86869842,0.56312820,1.04940486,0.47537169,0.45303544,-0.01434559,0.97308334,1.15545067
-0.66337440,-1.45793320,0.86437506,-1.22342104,-1.94993466,0.33057197,0.11769376,-0.78025008,0.33714000,-0.25275574
-0.93450100,-0.36537671,0.77363867,-2.60332456,-0.48721223,2.79782060,0.76262773,0.36576339,0.40630549,1.10030628
0.51939006,-0.10280026,0.11860316,0.04715987,-1.63994623,2.01995009,1.04769665,-1.43961156,-0.58874798,-0.55753602
0.92259918,-3.02941968,-1.37500833,-1.84386557,1.08413197,0.02940291,-1.18996493,-0.26058563,0.71649219,-0.83005979
-2.98832045,-0.23996434,0.23685448,0.12928518,-0.17552820,2.95499055,3.09650223,-0.51737334,-1.27171473,0.67579861
-1.00890072,-1.54252248,-0.60204891,0.28627030,-0.56163058,0.30947956,-0.36081293,1.50975250,1.52647513,-1.26119909
2.11229005,-2.53984926,1.43219446,0.02625792,-0.41267315,-0.31994147,0.21345299,-2.86830900,0.19346943,-2.11465580
-0.30807888,-0.82426329,-1.98843711,0.63516858,1.71188599,-1.90432720,-2.15924745,1.58218754,-0.15098918,1.05629379
1.31464962,1.52603782,0.09264395,-1.14862575,-1.18861071,2.35123635,1.36927083,0.72257229,-1.63572088,1.51113806
-0.48706745,-0.73821683,-0.55304215,-1.84229036,-0.41404566,0.28700067,-0.09105721,-1.24589213,0.57346916,-0.05637424
1.28312117,-2.53659039,-0.85884439,0.00697767,0.19456655,0.75127725,0.08828618,1.69394124,-1.04537687,1.65498081
0.68181841,-0.89945261,-0.45457904,-1.16086478,-2.60548711,2.70077150,-1.88503607,0.00848174,0.03476063,-0.09150225
1.04409566,-1.31446150,-1.04334476,0.95483047,0.81764754,0.67430272,2.65256365,-1.29701153,-0.65316956,0.25705229
1.54079055,-0.98703909,0.78960658,-0.42065904,-0.94521285,-1.15901795,-1.07670797,0.73931901,0.98171504,-0.64939815
-0.10251620,0.14781523,-0.49947054,-1.11321961,-0.36341308,1.37000710,-1.12057014,-2.79498128,-2.47490381,-0.73810355
1.59369135,0.62264157,-0.09187819,0.69954983,-4.28074766,0.84382139,0.83987840,-1.33576134,-1.60730111,0.43666667
0.81464110,-0.22043197,-0.47288987,-0.30618859,-2.20233920,0.27511649,0.09714058,0.82280227,-2.94883112,0.35656760
0.12475366,-0.56585763,-3.01041180,1.06020569,-0.56979470,-0.17187018,-0.98655804,-1.20700361,-1.39450424,-0.43621245
0.02510064,-2.01534226,-0.56011433,-1.22074846,0.54504255,0.42843607,-1.45191314,-0.72899383,2.11164462,-0.38399228
1.47428323,-1.33339006,-2.29719132,0.68160139,-2.82947276,0.25884546,-1.09479997,-1.56468311,0.51570113,-0.25103953
0.36639995,0.23399542,-0.92981813,0.21324528,0.47858898,-0.96512008,-0.27603128,-0.70322007,-1.97437267,-1.22874676
1.21221823,-1.35949223,0.31414076,-0.12901180,-2.32660583,0.79977413,-0.86344129,-2.45602256,-0.02301929,-0.95923264
1.73537893,-0.23096858,-0.39437200,-1.23124517,-0.34302633,2.48222328,0.57747476,0.10770690,-0.30051534,1.53643733
2.43534116,-1.01362237,-0.87560389,-0.83169350,0.20636890,-0.74104622,-0.18330393,-0.07739332,1.15903832,-0.20487435
3.23470102,0.17484508,-1.10096867,-1.73867464,2.12171583,-1.53920474,-0.72353152,-2.31027199,-0.93548374,-2.78313494
-1.25089325,-2.61030092,-0.48727247,-0.49080304,-0.37445198,0.68807550,-0.05789024,0.63764106,-0.02149771,0.86642625
2.40219836,-0.27067281,1.07007843,1.15731250,-1.74915442,0.52815234,-0.55548835,1.46469517,-0.69664781,-0.95907014
2.75466243,-0.96569325,-0.90882436,-0.97414380,-1.34490294,2.60861997,0.79474770,0.76011396,1.25655170,0.62506333
0.77282962,-1.69260995,-1.19314121,1.28579502,-0.56378292,-0.63494059,-0.52971600,2.85664954,1.25614938,-1.13613469
1.21287301,-1.48483187,-1.87194450,0.60145455,1.42412226,0.71441747,0.60403267,-2.03137794,-0.29826256,0.71299131
-0.70818500,-0.52708246,-0.65167622,1.19393861,-1.77928248,0.80614906,0.27863259,1.33013565,-3.94371019,0.41243223
1.45157894,-2.15683950,-1.09055076,-0.30198578,-0.21152712,-0.47687532,-1.59187666,-0.35489473,0.77464274,0.02170797
1.10605635,-1.55612164,0.83483041,0.02878126,3.18053786,0.52284803,-0.42416508,-1.57457498,0.30079331,1.18901856
-1.35399469,-0.22594393,-0.12083476,-2.69950020,0.70901922,1.43282758,0.63995076,-2.12380358,-1.02777397,-1.02736567
0.21531755,-0.07275405,-1.30476892,-0.03387751,-0.44878150,0.59184601,0.78179086,-1.85028099,-3.26610226,1.23992082
-1.94204206,0.04187588,0.39610915,-1.27613743,0.22994493,1.13097178,-0.09190060,0.78503288,-2.10564980,1.57799268
0.97378036,0.21946836,-0.29528162,1.02804309,-3.75819254,0.04937717,-0.38341586,2.13621262,-0.61290752,0.51067964
0.39567221,0.01276328,1.37287364,1.56600721,-0.50226816,0.90980554,-1.16036951,1.89462663,-1.09949968,-1.15857142
-1.02563698,-0.15381895,1.31752442,1.43611548,-0.97837230,1.74237344,0.32138294,0.49166383,-1.78993946,-0.93941579
0.97108869,-0.72896562,1.31478745,-0.15493288,-2.10436032,0.90038503,0.97772917,-1.30267367,0.93023391,-0.22253369
0.85603829,-1.39077842,0.62187787,-1.39680591,2.19956149,0.86221355,-2.84086815,-3.36895430,2.38056426,0.35982123
1.26678902,1.19555834,0.04283588,-1.18760778,-0.99771419,3.23200900,1.01239441,0.79533749,-0.73252969,1.17427391
-0.11155255,-1.04800395,-0.53170933,0.43952409,2.65306894,0.54260314,0.21269909,-0.66683648,1.46726027,1.74955383
0.57282411,0.57624213,0.52957172,-0.07181462,-3.13003016,-0.26647394,0.06933408,2.65809625,-1.98906125,0.04447924
-0.03689559,-0.89273674,-0.13587967,-0.15301346,-0.26977027,1.62700304,0.79781121,-0.77366628,0.37353332,0.47875368
2.14938344,-1.06059562,-0.82512763,0.45990998,-1.99448234,-1.29886045,-2.59864973,0.08285099,-0.15551617,0.46067705
-0.45424551,0.52171454,-0.00160195,-2.11950174,0.66300162,2.26715020,1.87928774,-0.74082581,-2.18028546,2.13969224
0.45272014,0.17347534,-1.87699107,-0.01151108,-1.04048414,1.69153949,-0.11003382,-0.27337422,-1.03147317,-1.91669374
1.15249915,0.03677184,1.78880393,0.02646561,-1.88515861,0.89311101,0.24471865,0.81654011,-1.23065932,1.14652865
-0.01887706,0.77272101,-0.42902071,-0.39604039,-1.69235597,-2.52953859,-0.54372921,0.30873106,-1.04642293,0.63881710
0.38632298,-1.01910160,0.33848583,-1.29226162,-0.29330296,-0.10849220,0.10772513,2.97114337,-0.82690720,1.01029105
0.52724417,-2.65888217,0.20930834,0.11467116,0.33837662,-0.34189384,-0.07401107,-2.36802513,0.56555605,-0.21475023
-0.01652948,-0.75023080,-2.01829562,0.12038778,1.20068500,3.01930464,1.37983110,-2.17535831,-0.26001464,1.29739371
-0.75399246,-0.65003942,-1.48947150,0.93224772,-2.07270588,0.57234700,0.02565382,2.21896816,1.47018254,0.13181824
1.56227372,0.54557354,-0.95669498,-0.49132222,-2.82262633,0.71683642,1.57673126,-0.65125814,-1.56695667,0.30956816
-0.06689870,0.21137031,-2.17300878,1.59211910,-2.16125519,-0.76136641,-0.73728125,0.41905399,-0.39320266,0.03294824
-1.19279338,-0.46156157,-0.08299857,0.11284599,-1.23878217,0.53747836,0.67377358,-1.50006188,-0.13675921,-0.50413466
-0.11097655,-1.06985557,-2.14966971,3.38718263,0.74078027,1.15979895,-0.32042952,0.12272895,0.78466536,-0.85452319
1.64963208,-1.07194850,-0.25550042,-0.79162982,-0.86420132,-1.05915551,-0.54992907,-0.07658431,1.00029401,1.25649485
0.06212243,0.90536928,-0.47328780,-0.00516344,-1.26850517,1.68319035,0.87336737,0.26362463,-1.80488029,0.70880534
0.84680235,-1.19304789,0.39612286,-1.99688568,-0.24176994,-0.31515274,-0.28239789,1.35542783,-0.51650939,0.21097602
0.73050870,-1.16652683,0.75644393,-0.07761052,-0.40716798,-0.35009770,0.14934991,-5.19743527,1.32060529,0.44366991
-0.26621615,-0.60209417,-1.47333019,0.80360838,-2.94317607,0.06589128,0.37945938,1.03125180,0.39176220,0.31613620
-0.75604752,0.40805035,-1.47119506,0.68304247,-1.90434405,-0.81207706,-0.78456659,-3.52231059,-2.65555681,-0.07238743
1.01341175,-0.73911904,0.36397634,-0.34055571,-0.77777129,-0.65956009,-1.28268583,0.30012723,-0.08992823,0.32767549
-0.95102533,0.66889777,0.52660647,1.44745757,1.37824479,2.57254918,0.08379080,0.14827784,-0.57512340,-1.00318746
-0.58856061,-2.02067248,0.06205988,-3.27073000,-0.02754632,0.73353591,0.11067728,0.40679594,0.77958928,-0.85492434
-0.11320365,-0.43848013,-1.48686965,2.34994197,0.38442758,-0.00306892,-0.91033047,-0.17433836,-0.34753969,-1.06244863
-1.65973742,-1.20634228,1.05158701,-0.42959330,-0.76136663,0.83535017,1.02424646,1.48343772,1.34481098,-0.18744950
-2.47983038,1.89275249,-0.45443158,0.72629254,0.34166450,4.50010938,1.08915885,-0.13833636,0.52196428,-1.53246925
-0.34327346,-0.42619001,0.29827970,-0.55577400,-0.56263698,-0.11581668,-0.55344851,-0.07140948,-2.10130448,-1.69544711
0.84365500,0.65448905,-0.28556308,-2.12564065,-0.27257892,-0.36335464,0.42875438,0.56109252,-1.23801611,-1.06978137
0.98561338,1.00667558,-0.41148325,-0.93294353,0.00461484,1.78055524,1.36683658,1.42893017,-1.49217036,-0.88997453
-0.45419464,-2.03646361,0.01206873,-1.10672974,0.59298035,0.40287148,-0.71738313,0.80884826,0.12687063,0.46787090
-0.17548127,0.53487367,-0.91025004,1.56593398,-1.31375825,-0.58955363,-1.37331580,-0.26480910,-1.94232686,0.45095263
1.88076323,0.94513636,-1.53040960,0.95042657,-0.43027768,-0.41992587,-0.61248833,-0.46807133,-1.02660681,0.10563824
0.42326253,-0.30050447,0.18390277,-0.38444259,-0.09344766,1.45469793,0.05012765,-0.63068788,-0.88009953,-0.05078296
-1.21423019,0.20472541,-0.92933509,0.55608989,-1.99276970,-0.07161576,0.71430519,-0.07640591,-2.16015678,0.25660261
0.71333804,-2.72074723,-0.31333434,-3.11516368,0.37825460,-0.44748774,-0.81966819,0.46598777,-0.06913440,0.51193902
-0.09783049,-0.57031623,0.10115373,-0.73989153,-1.61643328,0.39082770,-0.40230372,-1.51944170,0.86486911,-0.26974626
-0.38226934,0.74743863,-0.96561301,0.21621645,-0.83188956,2.04680952,-0.03407119,0.93381813,-2.55439611,-1.18108400
1.05367271,-0.33319518,-0.88592472,-0.45297342,-2.03444965,-0.56880119,-0.24455887,0.22066405,-1.76241876,0.68402647
2.02350717,-1.74575560,0.90551440,-1.09160536,-0.24515879,0.41064955,-0.11863908,-0.84513654,0.83371808,0.09059123
2.33949103,-3.01734370,0.03664737,0.59185091,-0.01060538,-1.26979504,0.95422066,-0.80976653,-0.74549314,1.06584688
1.55253034,-0.95013060,0.08469577,-0.89532054,-0.57888768,-0.70721143,-0.19820488,-0.49221441,-0.91667286,0.27153640
1.30333729,-0.69155322,1.06253976,-0.28942765,-1.09130149,2.41691120,0.74002492,-0.90781048,-0.84998427,-0.39466586
0.73576516,-1.30444560,-0.21081701,-0.79964634,1.76112813,0.50951484,-1.98320197,-1.02155072,1.09874524,0.69145949
2.59740353,0.41231499,0.24173595,1.88616290,-0.58873558,-1.53944606,-0.71551923,2.11170667,-1.17044830,-0.50314481
-1.07252847,-0.27763661,-0.37613765,-2.36131267,-2.31514105,1.69228319,-0.33982061,0.23902041,-0.09499863,0.15682042
-0.23982687,-0.05699186,-1.99555117,0.83474422,-2.90327629,0.99158784,0.56906192,0.48462638,-1.04239800,-0.07541957
0.47675316,0.63768006,1.43468603,1.52945377,-0.76321271,2.44144547,0.90970832,0.09614673,-1.39788306,-1.65786509
-0.41001069,-1.01443225,-0.39472096,-0.67209671,-0.44879488,-0.96808701,-0.59646291,1.22205967,-0.66632586,-0.57203814
0.63573013,-0.31701315,0.24430861,-1.77786485,-1.41419217,2.25075620,-0.73616624,-0.09778535,-2.30855654,0.33476372
1.99796211,-2.63739557,-0.41583326,-2.78133290,1.01451208,1.69029764,0.06046602,-0.74023043,0.10263885,-0.58050237
-1.38284833,-0.13554966,-0.79166203,-1.52251688,-0.73731651,2.22518347,0.01796412,1.00559699,-0.69899138,0.99585712
-0.93261021,0.42375643,-0.75967766,-1.47430299,-1.76764410,0.46280571,-0.03532638,0.16457192,-3.63207798,-0.75030147
-0.58778840,-1.25244647,-2.03040745,1.88999450,0.64700262,2.66845810,0.17662142,-0.01895795,1.58816695,0.44585084
0.10217214,-1.92679488,-0.20799605,-1.88155048,2.14417538,-0.69350441,0.15934935,-0.78953416,2.32527491,0.50532381
-0.37288470,-1.12956586,-0.33510803,-0.24462146,0.20884533,2.33656841,0.65146217,-0.54387476,0.88382618,-1.04393552
-0.03823620,0.12016311,-0.42423369,-0.15538400,-1.69440019,-0.82705830,-0.54853558,-0.18384075,-0.53481637,1.46195388
1.96033239,-0.64863133,-3.53981950,1.49748254,-0.38286804,4.17911467,1.80736228,0.87902763,-1.07700153,0.15730479
-0.37075791,-0.50279356,-2.97221498,2.30354604,-3.05563020,-0.48476523,0.29119252,-2.88425336,1.15589689,0.48494004
1.25249665,0.07127101,-1.23011583,0.38726847,-1.53348349,0.60013369,-1.29934979,-1.35764421,0.10944274,0.97491505
0.05062065,-1.39990682,0.52159028,-1.68452251,-0.91508316,-0.30711670,-0.76403263,-1.35345747,1.45562571,0.00017923
1.47041336,0.01223131,0.20819359,-0.52834324,0.86194334,-0.86076790,0.31828411,1.48530247,-1.04825892,-0.51355354
1.28129360,-0.74588870,-1.57533284,0.85903828,1.36114114,-1.43697602,-1.26804360,-2.34533842,0.78665997,1.37582749
0.07413712,-0.04965126,-0.10685064,0.93219584,-1.09884570,1.81995952,1.31249373,1.20604213,-1.06747997,-0.78055794
2.50876324,-1.44047466,1.37265495,-0.45340824,2.51517641,-1.32859666,-0.74297383,0.52851431,2.38383416,0.60087671
1.87573798,-0.70828029,-1.45778195,0.02350926,-1.39464196,1.09713234,1.88634533,-2.63655320,-0.10668356,-0.67686065
1.62748824,-0.52785241,-0.73257142,-0.14266902,-2.53915944,-1.26975879,-0.92052856,-1.38285230,-2.09418091,0.32937469
-0.18987933,-1.72227055,-0.92294344,-1.72847254,0.40790100,1.02589987,-0.41241657,0.52983255,-0.25822422,-0.17202656
-0.13875397,0.16636012,-0.04585428,-0.74369839,0.07711607,2.29963475,2.00256173,-0.14177849,-2.74766850,-1.97451284
-2.02371421,-1.72341194,-0.71427501,-0.21966173,0.22535905,3.96625969,1.13680888,-1.93914732,-1.86046871,-0.12302870
1.80598268,-0.90377409,1.66707251,-0.00150033,-1.71385632,1.17606808,0.69585252,-2.02894852,0.46991426,-1.06342674
0.35636072,-0.44744206,-0.66425352,-1.24179107,-0.85759939,0.92194247,-0.26034679,0.35610303,0.57549452,0.54421525
0.25150453,1.14649256,1.52878522,-0.30577138,1.40581505,2.56307609,0.77862505,-2.79104235,-0.48899265,0.66481745
0.57988722,0.61816133,0.20653510,-0.15049109,-1.93075416,1.78474929,-0.02645186,-1.04006117,0.01908648,0.68894529
3.71350705,-0.33280191,-0.67346634,-0.45595617,0.37699825,-1.03868437,-0.89151957,-0.13599732,-1.29364093,1.17688322
0.35337767,-1.34392628,-0.72135235,2.27846693,2.79281264,1.77373472,0.76198481,-0.38963706,2.10503326,1.26613072
-0.43490983,0.54073895,-2.14772025,-2.31753632,1.29052839,2.07094353,1.63602075,0.47700814,-1.89408775,1.35293658
0.11766797,0.68243898,0.80337002,-0.67213116,-0.39221767,2.87320348,0.10673699,-1.35522296,-0.80165202,1.32186458
-0.86276565,0.10815067,0.36900584,0.43668234,-1.90314885,0.10760648,-0.25650975,-1.50379647,-2.61320011,0.48948882
0.11898666,-2.09601067,-1.33390530,2.81023648,0.14659195,-2.10542345,-0.23135651,2.29205618,1.44457758,2.51177452
-1.03448223,-0.18437003,0.82053309,-2.73906637,2.40066657,1.03738679,0.39962196,-2.24129989,-1.60980736,1.76265200
0.77660337,-0.44729536,0.00706789,-1.64583010,-2.74663919,-0.32892273,-0.34556020,1.08845172,-1.55474191,0.29111374
0.82224026,0.07627152,0.48887664,-0.78284753,-0.49355236,-1.06467603,-1.34335700,-0.93364409,-1.71382709,-1.17627122
0.46068079,-1.60563841,-0.81712244,1.41791941,-0.22169370,-0.51091267,-0.47865558,-0.87677356,0.02537788,-0.14470057
1.63086686,0.21077337,0.77191670,1.35148894,-0.93295769,2.01800288,1.37613593,0.76970477,-0.52287445,-0.43887977
-0.19381937,-3.34862028,0.15875749,-1.69048992,-1.53506192,0.52964024,-0.30849084,-0.27955691,0.07152023,0.63058155
2.01364582,-1.17185498,1.21424057,-0.88232698,3.14696956,2.41917743,0.11297161,-2.95536195,-0.39957866,0.94167886
-0.95955559,0.24111550,-0.91681181,-0.39584264,-2.39255939,2.89370884,1.83515161,-2.89546293,-1.40548076,0.40445353
0.72133224,-0.96866910,0.53513300,-1.05636252,-1.49793791,0.33881306,-0.01317879,-0.03019989,-0.11114508,-0.07469063
2.26291925,-0.65428453,-0.60974052,-1.62209046,-1.87648281,1.22055885,0.41402451,0.89879376,-1.03690509,-0.32379393
-0.07609740,-3.42764783,-0.12054841,-1.36895004,0.63500724,1.12069621,0.32708968,1.00209557,0.31624790,-1.11343244
-0.15704302,-1.77535801,-0.28853765,-1.18460707,-1.68750435,0.25160039,-0.22580061,-0.67695384,2.11055036,-0.89684582
-0.11469631,0.61034680,-0.26196003,-1.15850276,0.12636411,2.32008961,0.90907115,-1.11174051,-1.00852884,-0.41012678
1.52384251,-0.77223563,0.09889879,0.43670732,-1.64398137,1.18398507,1.47133254,0.08791287,-2.20627804,-0.31353135
0.90348302,-0.72583513,0.47358441,-1.17787648,-0.98189162,-0.83156878,-0.32480935,-4.20178044,1.25535853,0.17464346
-0.16492250,0.05889839,-0.52123080,0.09966714,0.86716913,0.18562801,-1.75767518,-0.68369862,-0.05063131,-0.83783156
