-0.74639547,-2.84344314,-1.73133818,3.43488577,0.52005545,1.22176621,0.42923860,-0.10554166,0.53158400,2.08359289
-0.46800031,-1.28211356,-0.08120979,0.02190714,-0.59880249,0.82431884,-1.50083357,-1.54834858,0.55177523,0.05980130
-1.99276005,-2.48456737,0.14682871,0.62020552,-0.27908823,1.80489533,-0.19498319,0.99286257,1.72533731,-0.01650148
1.37868000,-1.60081855,-0.35671099,-0.62894436,-0.91958715,-0.12699681,-0.61596805,0.13963907,2.41157332,-0.03711645
1.78111057,-0.85612314,0.44527143,-1.51472627,-1.70183446,2.74407767,1.54500996,2.53018899,0.77587477,-0.27684217
-0.45740336,-0.55224038,-1.94387532,1.80566529,-1.42738989,2.81102958,1.37560847,-0.84962359,-1.33070466,-0.22518753
-0.19437155,-1.30147874,-0.82204393,3.21457291,3.30080399,-1.42590313,-1.28432204,-0.82235982,2.83717940,1.62921716
0.41229245,-1.70278363,1.34501531,-1.76158556,-1.26074508,0.17958345,0.22277748,-3.92579654,2.04859911,-2.69743010
0.60667636,-0.85444663,0.30756968,-0.80434209,-1.20063825,-1.42242658,-0.64476151,-0.76468267,0.38985667,0.35770249
-1.34397455,-3.09898623,-0.64767880,0.52134854,1.17741604,-1.20029488,-0.91514123,0.12330816,-0.68599072,0.42021798
-0.28110232,-0.97023724,-1.12819174,0.84938007,-0.49445573,-0.53457426,-0.38645316,-0.92798777,-0.63241731,-0.23758946
-0.81040625,0.24853228,-0.39991610,0.36546163,0.97685184,-1.77337170,-0.85771051,-1.02206891,-1.46586677,-1.52573550
-2.13619399,-2.20748487,-1.74549720,1.57792262,-0.55620358,0.06148674,-0.44228658,0.75393767,-0.20497077,-0.26373623
1.84867487,-1.41403546,-1.41440721,2.32886776,0.50223681,0.23313926,-0.02955560,-0.72616718,1.62883284,-0.07604483
2.69292545,0.70662779,0.17555618,0.11360769,-0.27848856,-0.85446791,-0.38407986,0.96932003,-1.08733915,-1.23484361
0.54046907,0.04018745,-1.72882525,0.96334102,-0.42597977,2.56888116,0.47498188,1.10548990,-0.16018825,0.94715456
-2.40701210,-0.34369430,-1.07745201,0.80152319,1.00907092,2.17338443,0.33466442,-1.16233062,-1.45684545,-1.18913018
0.25101060,-0.02333190,0.17119633,-0.76980292,-0.58575491,0.90994170,-1.49440070,-0.73222044,0.70990094,-0.07553831
0.33958000,-1.22545978,-0.19661158,-0.22745315,-0.64905993,-0.78307646,-1.12371160,-5.08047229,1.84346006,0.06887223
-0.29269089,-1.17878120,-0.48119692,-0.41302595,-0.02122105,0.14969499,-0.31506073,0.52961433,-1.32955441,0.00962001
-0.20981833,-1.52523014,-1.10252773,1.10441054,-1.24555375,-0.52844237,-0.58408596,-0.56482122,0.54824270,0.27714666
-1.90531875,1.46400891,-1.27164237,-1.08038655,0.36501565,0.95183041,-1.58189132,-0.38805580,-3.30492480,-0.05720175
1.07610937,-0.35793388,-1.43993332,-0.39462727,1.25313402,1.63614394,-0.50142386,-0.24683661,-1.28275855,1.03653630
0.70333776,1.26375257,-0.43732979,1.96074001,-1.13629896,2.21417556,1.31874277,1.97929921,-2.22502718,-1.36254077
-0.79785467,-1.61659230,-1.00519280,0.19413895,-0.50411448,-0.43624386,-0.56584408,0.24695002,2.53637522,0.03748244
2.58965061,-0.83089952,0.12689986,0.04591509,-0.84753875,-0.60439752,-0.60838016,0.70397042,1.09026806,-0.08670772
-1.52893344,-0.72983913,-1.03027231,0.51214624,-2.15007119,-0.48177379,-1.38911648,-2.13030782,-1.12010828,0.20409210
-1.97218063,3.09699912,-2.23700247,-1.08137277,-1.30924746,5.30165156,1.87909296,-0.86138507,0.15788023,-0.43687366
-0.27658351,-0.97333440,-0.23216613,-0.61348291,-1.87534903,0.75849156,0.66936062,0.46321081,1.94049489,-0.39074976
-0.76273706,-2.57827646,-0.75959063,-2.42868172,0.12421149,0.11335092,-1.69918791,1.59396009,-0.65732238,-0.59409649
0.39570184,-0.89128025,-1.18842647,3.32144727,0.12872680,1.18039774,-0.46857660,-1.43856885,1.42518895,-0.88139635
-0.55051504,-0.71049168,0.09713483,-0.87632663,-1.30965537,-2.13297296,-0.66651660,-0.06096422,0.53020852,0.38693164
-2.21183118,-2.96966598,-0.71911954,0.96346458,2.07226983,0.12767437,-0.08076916,-1.59093011,0.83278860,1.34454934
-2.26770063,-0.42768862,-1.45570512,0.62141045,-1.29232715,0.55244520,0.02513161,1.90630561,-0.86383736,-0.73353867
0.71736109,-0.13860979,-2.04591121,-0.18216746,-0.91649684,0.75902861,1.62152494,-4.21240993,-2.54923679,0.54647173
-0.00662267,-0.41680093,-2.50214868,1.37861944,-1.99924396,-0.53658642,-1.23172102,0.86604964,-1.06837746,-0.11691598
-0.36283689,1.01992856,-0.92255954,-0.61389766,-0.65902678,1.27581827,0.79476082,0.80760330,-2.20463237,-0.86746801
-0.03162356,-1.02990609,-0.58803660,-0.14503272,1.42331898,0.74783059,0.05055315,-0.42594489,0.96158732,-0.52361833
0.71096988,-0.66586597,0.24097278,-1.57198458,0.26990611,-0.80648566,-1.62039325,-1.26217340,0.68153933,-0.90938638
0.54635343,-1.77661859,-1.36040979,1.44317292,1.26630085,-0.59872186,-0.12114411,0.51574702,-0.38862685,2.00144784
-1.44065222,-1.71051901,-0.48922023,1.60874918,1.61714659,0.47376231,-0.08975446,0.16179615,1.28191825,1.15386722
2.15699904,-0.55956719,1.11236611,-1.52179550,-0.86571104,1.46719754,-0.30434560,-1.68751994,-2.29561630,0.51990996
-0.91405767,-2.57265753,0.55619543,-1.81080109,0.90483885,1.32370167,-0.21542844,-0.28646090,1.51436276,0.60865331
0.35906194,-1.07605220,-1.50407062,2.96950892,-1.47002912,-2.19417288,-1.39337856,-0.42700910,1.04855916,-0.66768227
0.57170041,-0.60353392,-2.28802433,3.06006216,0.73587193,1.18932053,-0.30228133,2.14607210,1.32100499,0.56298056
-0.90835822,-1.75315562,-0.71349946,0.79045902,1.23753807,0.64047458,-0.18156457,1.13808393,3.37594743,-0.15211635
0.39282339,0.20182188,-0.05389350,-1.17355702,-0.47980110,1.29642126,0.18529877,0.64916281,-1.85351357,-0.72271624
1.17529967,-1.16271419,-2.23896034,0.68854868,0.35045867,-1.24810116,-0.49873510,0.13866008,1.21927572,0.74072370
1.29066668,-0.21366984,-1.57249020,-1.85355744,0.27529776,-1.53386279,-0.84095524,0.69873370,-2.10604888,1.54345902
-0.17145251,-3.05002254,-0.34083382,-2.54636001,-0.86663717,0.72111745,0.36843570,-2.28862440,1.20574828,-0.31110382
1.04627170,-3.77053525,-0.57723075,-1.02250773,-1.91700194,0.53770183,0.33545897,0.57118761,0.61810363,0.48024821
-0.19442826,-0.62312228,1.92530565,2.35695741,0.47314370,1.19202890,0.58518848,0.32180467,-0.37380377,1.06040843
-0.24359967,-0.20827166,-0.65047199,-0.19666785,-1.29879904,-0.68060015,-0.53096603,-1.30375053,-1.98642997,-0.98708659
0.41847826,-2.14173566,-0.80758123,-1.39238022,-0.74708231,0.36661142,0.42637003,-1.46529988,0.76812287,-0.59841003
-0.19804369,-1.44825329,-0.30042335,0.12251197,-2.15858178,-0.16725103,-1.25651316,-0.30830312,0.21235666,-0.49518970
1.41742081,0.10231728,-0.22219689,0.23371830,-0.98883610,1.52289984,0.48679401,-0.19529667,-1.28881783,-0.17311241
-0.71550973,-0.22405693,-0.20401168,-0.03230936,-1.81700722,2.72155600,0.50040845,0.45251845,-1.25543106,0.36654375
1.19840384,1.43756231,-1.26035522,-0.62852362,1.50517467,2.98238812,1.39975527,2.18140074,-0.77335784,-1.65260685
-0.14947498,-2.84367248,-0.75669448,-0.09805582,-0.53199959,-0.72373312,-2.00915000,-0.67703104,0.59611043,-0.33191372
-0.53955884,-3.08024096,0.80079040,0.17323944,-0.56088897,0.50422597,0.27565731,2.46882667,0.40716865,1.21048107
-0.63431212,-0.20301315,-0.75079245,-0.34039789,-0.23454142,1.17065324,0.87111664,-2.28319470,0.30199734,-1.92065453
2.27414672,-1.17424640,-0.50942806,-1.47156409,-0.96080523,3.45232962,0.30489887,0.94343736,1.13314994,-0.58504639
0.24305747,0.50060253,0.30168504,-1.18865170,-1.78793343,2.62278714,0.11013166,1.42842406,-0.99086298,1.37004070
0.91214144,1.07036897,-0.21876937,-0.13240853,-2.07032868,1.30722703,1.49527705,-0.40580109,-0.97108959,-0.16065379
-0.86104117,-1.42610078,-0.58639624,-1.16809683,-1.62671022,-0.41069700,-0.56264599,-0.76973443,1.69633394,-0.43747944
-0.53465552,0.16445678,0.10293202,-1.41388327,-3.87622284,2.44333092,0.51800766,-1.17602626,-2.67127396,0.85764742
-1.06835138,1.13024640,-1.21789385,0.61045293,-0.76469646,0.66610081,-0.53447599,-0.97728526,-3.51868052,0.36768570
-0.67572920,-0.85140656,0.09778408,0.17185218,-1.28122350,-0.01735414,-1.01362931,-0.93541475,1.07566953,0.26910049
0.27603287,0.05426762,-1.31984263,1.21257771,0.00821993,0.88498694,0.70902684,-1.38918206,-2.84243825,-1.49300472
-1.87803358,1.82380809,-1.34708908,-1.70467511,0.74884089,2.54336610,1.22331681,-1.00656272,1.06267741,1.18532301
0.74183724,-0.33565688,-0.29070493,-1.75841100,-1.50590689,1.52990504,-1.32658578,-0.89960972,-2.22428605,-0.50692765
0.75047749,1.26908222,-1.10466756,1.27091431,-0.53363614,2.24223810,1.04245235,-2.01128663,-0.14954093,-1.92016226
1.84830926,-0.41692965,0.19403638,-0.96847748,-1.79508612,2.76483739,0.98830332,0.71811684,-0.97063565,-0.98280065
0.82398801,-1.17554603,-2.23869996,1.22426344,0.78633367,-0.83637238,-1.06891488,1.28218112,2.31042322,-0.39734620
-1.35930440,0.55240810,0.65295072,0.62908031,0.64724787,1.47778405,0.09998156,-1.58283965,-2.49657728,-1.81401824
0.46980940,-0.62434865,-0.45050869,-0.02248583,1.78074667,-1.42764478,-1.15527707,-0.64110245,-1.42857055,1.23712262
-2.36278067,-2.28363303,-1.75698332,0.87198874,1.08657993,2.31366686,-1.08055949,-1.64851460,2.33296915,0.43305422
0.46339387,-1.46567872,-0.81137206,2.31039933,0.19387996,1.26423797,0.04181701,-0.49911226,1.69974353,0.60998455
-0.41951791,-1.78626272,-1.63020128,0.47470825,-0.81374708,-3.08002221,-1.41596903,0.79554792,-1.29518794,-0.27366937
1.61679427,-0.09429139,1.45731413,2.16158483,-4.43319837,0.92408312,-0.43694653,0.58887035,-2.04922608,0.09416750
0.03611660,1.24255772,0.03447369,-1.52767521,-0.53569617,2.60222359,0.97715388,0.05449232,-1.64047752,-0.02297667
-1.85519043,1.80469060,0.24552045,2.38877436,0.25506106,2.76299846,1.34234369,1.26991342,-0.39072037,0.82140800
2.16817793,-2.05332388,-2.00756268,0.71743040,0.87273692,-0.89999105,-1.44968725,0.42477685,-0.95602948,-0.05787919
0.34365705,-0.82421785,0.43081370,-1.25345454,-2.08979502,0.96305944,-0.49321680,-0.56768179,0.81662195,-0.10840672
2.41849084,1.46443902,0.17418060,-0.95419559,-1.13115804,2.08663160,1.69270161,3.19692859,-0.57365103,0.25643044
0.14721240,-0.23433653,0.23854036,-2.31874132,-0.71909421,-1.24433830,-1.46657430,3.25386118,-1.71808339,1.30355445
-1.55852608,-1.21152769,0.61979972,-0.69321085,1.22241329,-0.01288649,-0.20175570,0.69892866,1.68296578,0.75941809
0.05606460,0.01241081,0.08352270,-1.64718227,-1.45400900,0.79592924,0.24125443,1.88904636,-2.21479159,-0.07372742
-0.33063100,-1.14885948,-0.95223855,-0.81270216,-0.98002551,-0.27345125,-1.77459280,-2.65865201,0.20308686,-0.18525351
0.92240164,1.32784532,-0.50208862,1.17484596,-0.92733254,1.77332716,-0.10814508,-2.01939767,-0.34448924,-0.46692116
-1.86975834,-1.93390146,-1.66925394,0.62623561,1.52493590,0.16115371,-0.26394572,1.54762194,0.56877844,0.59563906
0.73743565,-1.01480309,-0.90846656,0.70448368,-0.82325645,0.96684715,2.70767004,1.36174385,1.07668729,-1.66136205
-0.26102253,-0.01475887,0.75411692,-0.08826372,0.79120101,-0.05495885,-0.35092892,-1.12031236,-0.45052994,1.96989388
0.82576259,-0.95833303,-0.37686227,-1.07051379,0.58882983,-0.47099269,-1.16112753,-3.63058911,1.84848875,-0.18664460
-1.62270514,1.39414114,0.72510577,-1.36231009,0.43268892,2.70002241,0.98517545,2.26706969,-1.34884420,2.28216915
-0.74736399,-0.72310865,-0.99118824,1.05073987,-0.09913042,2.09127829,1.00322063,0.36179815,0.47197448,-0.48196803
0.03492372,1.39118737,-2.00218754,0.36015614,0.89320823,1.31427152,-0.21906995,1.24986391,-1.23474789,-1.17018251
1.80552553,-2.42445029,-1.06013068,-0.41243502,3.23136907,0.46303134,0.28903080,-2.09500319,-0.00091149,1.36442691
0.64759434,-1.71260462,-1.49139647,2.19548513,0.10196409,0.15830934,-2.20097589,-0.18415283,1.47987317,0.23395479
-1.63575114,0.76444316,-0.16540055,-1.08623974,-2.22856879,-0.20299709,-0.30384082,-1.31724109,-0.14431517,0.29167779
0.18388607,-3.68702432,-0.52882304,-1.31848096,-1.68482929,0.41289750,0.63175980,1.73553381,-0.73968615,0.63139739
0.43645361,-0.46533347,1.97265884,2.71877850,-1.88983795,2.57811512,0.80200916,4.58060976,-2.46674767,-0.58919863
1.80062279,-0.59821773,1.72032250,0.97620342,-0.05165409,2.53523510,0.45565513,0.24596692,-0.31730119,-0.64973194
0.23348548,-1.42050686,-1.07981874,0.40738427,1.60157743,0.36720020,-0.65014933,-3.69255415,0.89620003,0.08878073
1.43867688,-1.27802098,0.80890776,-0.94088551,-0.92124798,3.42257025,0.82562248,3.02624856,1.95824581,0.34495514
0.00164375,-2.70483287,-0.20823238,0.58956165,0.88582988,0.14898051,0.04718836,0.28033812,0.58494310,1.54973450
0.15718313,-1.24422111,-0.60149927,1.77456469,4.09368038,-0.15951684,-0.44492037,-2.10378072,-0.49226939,1.80191356
0.84416091,-1.05984215,-4.17493767,0.15661268,0.59229261,0.34149766,0.05105178,1.49744806,1.93099420,-0.67428791
1.09505031,-1.28131296,-2.14860270,3.56476635,-2.26544256,0.92370051,1.10018337,1.13636043,2.25990948,0.26590260
-0.63690813,-0.95923325,-1.15860155,0.23945971,-0.70541503,0.50502655,0.18871085,-0.44590278,-0.80748126,-0.19875102
1.31806846,-0.42886185,0.38786550,0.54088418,0.19852172,0.64292820,0.69487931,0.60087687,-0.14554943,-1.50309748
-0.00005223,-1.73632217,0.06582277,-0.39496979,2.01401864,0.83066637,0.52972519,-2.46202722,0.46323823,0.58677616
-0.27522111,-1.64159228,-1.07464613,2.61113064,1.25792872,0.52675429,0.39638694,0.42817234,0.88706313,0.68492473
-0.58484781,-0.55332647,-0.88074204,-0.61420831,-0.79042314,0.15286173,0.68299555,0.17073984,0.40856922,0.50227151
-0.12734574,-0.63754732,-0.05482295,1.60943045,0.68866168,2.37970823,0.48126018,-0.89776834,-1.66286729,1.76453184
1.30769852,-0.26152377,-1.53506352,1.02343295,-1.03247934,1.57449443,-0.26206696,-0.41222854,-0.59258457,0.64339428
1.57106051,-0.13630621,-1.66031252,1.13308539,-1.63760600,1.44243480,-0.37340672,-2.27857347,0.70061953,0.18501497
0.82002090,-0.25989141,-0.76849406,-1.13654114,-1.00828291,0.81737304,-0.69496792,1.23430465,-0.50193337,-0.02805293
0.16928317,0.32038100,-1.78535077,0.61610006,-2.34894217,1.94111722,-0.12036730,0.62287894,-1.58890372,0.78794321
0.23343978,-0.65684204,1.40867183,0.01826616,-1.10022447,1.56541361,0.04638189,-0.65790945,1.74349960,0.29291268
0.37018855,-0.71347062,-1.49942800,0.68746112,1.32949189,-0.96339342,-0.49428641,-0.10917291,0.46696314,1.61127828
-1.19429389,-1.91808023,0.19973654,-1.90657365,1.87754686,0.76545794,-0.37708354,0.36525563,0.96726154,-0.21399404
1.21262360,-2.35468202,-1.27307044,1.44381067,0.43735319,0.41477238,-0.14066104,0.38539911,0.11366346,1.48187813
-0.09469434,-0.38465995,0.38012677,-2.73367370,-3.26015396,2.49073347,0.60394189,0.65716003,-0.31211471,0.35493415
0.71796749,-1.43094440,-0.65876604,-1.51807182,-0.75778020,-0.32733887,-0.08226306,-2.97519381,1.62770444,-0.51780733
-2.59137055,-2.35186462,-2.09950016,0.31911455,-0.50541954,1.03998905,1.93816065,-0.53105089,0.64214734,-0.18041590
-0.75493160,-0.22770827,-0.38677989,-1.22391664,-0.49102874,0.42077311,-0.76840814,-2.62580964,0.43231395,-1.52928581
-1.11576695,0.49363774,-1.06071011,-1.49586019,-1.91048828,-0.37686469,0.14416721,-1.25128617,-3.64453754,-0.49760114
2.85679369,-2.12132248,-0.90041888,-0.75538586,-0.40901525,-1.19391366,-0.88393572,-1.43831790,1.92689194,-0.06871490
1.12270302,-0.24255822,-1.57755043,1.57034494,-0.23658737,1.66149442,-0.20012663,0.52382240,-1.37119127,-1.78356292
1.26895033,-3.11710448,-0.21541435,-0.19802369,-1.17964916,-0.11328559,-0.35599662,-2.28856048,0.96122033,-1.17118901
0.52538861,-0.30639612,-0.09576055,-1.14224737,-0.83951312,0.94620996,0.69705599,0.12257104,-1.94516774,-0.19918237
-0.41521443,-1.63805610,-0.77908180,0.20837983,2.51513805,-2.35516088,-1.08528640,-0.15995732,0.41445194,0.84327314
-0.59227247,-0.98172922,-0.71897528,1.25263725,-3.08033926,2.87186117,0.41839329,-0.92765982,1.66104777,-0.08550266
-1.42708367,-1.06610465,-0.55750620,-0.73306808,1.76089464,-0.17533649,-0.35555025,3.97594834,-0.78385794,0.68057868
-0.60162906,-0.82425355,0.33452860,1.56705379,-0.31723059,0.81653192,0.83319066,-0.70387194,0.10723981,-1.79098745
1.06046309,0.32156653,-0.19492725,-2.87204262,0.43731047,1.18916382,1.72647435,0.55010723,0.32790905,-0.72341047
-1.82846537,-0.94588130,-0.56445235,-0.72557135,-0.68621392,2.07080670,0.89733734,-2.09936349,0.39637143,-2.70609716
0.69317614,-1.75111281,0.84487950,-2.24071264,-0.02055340,-0.13378837,-0.54555675,-0.97508410,0.34461638,0.08904054
1.53257917,-1.73337758,1.30508386,-1.18478106,-0.13492209,-1.10889077,-0.93753972,-0.70647208,2.87404700,-0.00867460
0.45778930,-2.24073929,-0.38328019,-0.69229758,-2.33572510,-0.10781329,-0.52514151,-1.54457338,2.37521073,-0.79007955
-0.09914975,0.53740790,0.39053441,-1.21382185,-1.15608186,-0.45408365,-0.79673653,0.97647790,-1.09580564,-0.18159829
1.85566372,0.62983523,-0.17122189,-0.07063387,-2.47252235,1.85907921,1.02449357,-0.93779349,-0.19158496,0.72161790
1.47989876,-0.03194432,-0.02545855,-0.19407645,-2.00161983,-0.20108732,-0.37968127,1.94109684,-2.45549588,0.93849487
0.08659053,0.49796393,0.02910830,-0.88224589,-0.79306256,1.85102030,1.31693550,-0.43392331,0.23673797,1.42255159
0.53564859,0.23170946,0.25778203,-1.41247237,-0.09375754,0.93512082,-1.00986415,-2.99906265,-2.64859956,1.26939764
0.40331673,-1.02794414,-0.28768822,-1.07256043,-0.20482035,1.91815650,-3.22045220,-0.31190191,0.24170036,2.66094570
-0.18297415,-2.10827442,-0.29931019,-0.00862085,-0.74773196,0.33128189,-1.39697545,0.05014391,-0.47028617,-2.40798208
0.32426883,-1.40401191,-0.11237216,-0.23696187,-1.22155857,-0.66508813,-0.26259418,-2.41181713,0.20407498,-0.06599600
0.37209409,-0.48307982,-2.04835804,1.51394512,-2.66709867,-0.60856188,-1.61082137,0.66015859,-0.96772446,0.09813817
-1.09311602,-1.42144201,1.89526304,-2.17783448,0.15464183,-0.06866241,0.20966845,3.15079074,0.42665826,-0.11147191
0.97800293,-1.25784853,-0.50508481,2.40104208,0.15384185,0.99526828,-0.17210305,0.99498912,-0.20852008,0.87673919
-1.04122358,-2.80643037,0.13232098,0.25461628,0.66791087,0.91447455,0.89680477,-1.04729090,1.34196309,-0.23235303
0.76156505,-1.02512856,-0.82346977,-0.23766017,-0.57772220,3.31720932,0.84911189,0.29359476,0.24538614,0.48910347
-0.75369638,-1.98272201,-1.07937917,-1.60069638,0.30091952,-2.61000558,-0.81420722,0.28462436,2.37895432,0.32932243
-1.75007473,0.18035122,0.54431215,-1.55859402,-0.16431613,2.64708699,0.10651732,-1.43197862,-1.44714978,1.41082802
0.55423435,0.72757253,0.49501416,-2.79947774,-1.82269876,2.25093199,0.34406409,0.96232426,-1.80032565,1.15222453
-1.00058485,-0.93909719,0.18465890,-1.75273542,-2.98959280,3.27172893,1.41319580,1.53733629,-0.61877877,-0.51183771
1.51344739,-1.15866555,1.25136231,-0.70840749,-1.33271497,-0.14203562,-0.33293156,0.02455604,1.01734371,-0.33959455
-0.49082651,-0.57393570,-1.36503481,0.71638184,-1.67319657,-0.71423341,-1.23692678,-2.25443779,-0.16594163,-1.10094679
-0.30421069,-2.23300743,-1.70207720,1.39806195,1.32733968,0.13012094,-0.51311756,1.91447418,-2.09437659,0.13486347
-1.00634743,-1.28242578,1.36897683,-1.10306214,-1.32610520,-0.78740289,-0.65615044,0.77104669,0.39605077,0.05592417
0.04664944,-2.22655675,-0.29858291,-1.07629003,1.09782669,0.28556291,0.32126700,-0.05774053,-1.17324549,1.84331566
1.43652250,-1.18535615,1.05111457,-1.42258309,-0.67363127,-0.03995618,-1.03246062,0.12157285,1.75429159,0.10788337
-0.29796418,-1.56219749,-0.01295631,0.72780801,0.65646223,0.62673708,-0.14838211,-1.15208413,-0.20560163,1.12758785
-0.10469422,-0.00109242,-2.27325706,1.46584313,-2.88569612,0.77830210,1.69004575,2.94272193,-0.39715901,0.33847713
-0.45565480,0.52567352,0.19872517,-2.41564584,1.12882502,0.00234012,-0.85564140,-1.36289623,-2.86479564,1.77250606
1.90346664,-0.66530649,-1.40113942,-0.43543430,2.71196902,2.46609713,0.60070747,1.29951907,1.63835978,1.57784253
1.81309143,-1.84164912,1.36061484,-2.23624782,2.38047410,1.72651740,1.60993246,1.58085033,1.78425701,1.27249727
0.44510511,-2.60814203,-1.08614217,-0.77408501,-1.23351722,0.14896101,0.03709420,0.25820018,-0.01567875,-0.95902799
1.31117646,1.83886117,-0.89913407,0.94371939,-0.87887392,1.59637754,0.85688180,-2.31069305,0.20974970,-0.51459122
-1.07119388,-0.63955761,-1.12692853,0.08506533,-2.81872142,2.01186319,-0.60733269,1.68928590,-0.31786940,0.10064523
0.29351090,-0.41626000,-1.31832545,-0.74011250,0.23777522,1.73486707,-0.61363834,-1.55188547,-1.17385506,3.10171060
-0.50632113,-0.12396982,-0.66507245,0.14384019,-1.01612976,-1.26137295,-0.72503093,-1.56679279,-0.60949931,1.18360073
0.22415472,-0.99355300,0.86322673,-0.26629174,-0.70072281,0.05163474,-2.61026911,0.31474876,0.45873012,0.52355268
-0.16483879,-2.58624867,0.04891294,-2.13042458,-1.74386583,1.23107217,0.49476319,-0.70774613,1.77648511,-0.25964057
-0.29207547,-0.36546481,-2.41464237,1.24836248,-1.85321960,1.12651229,1.29665556,3.84671375,-1.26439078,-0.93060747
1.79869984,-1.05152264,-0.37746903,-0.28883586,-0.09681421,-0.39444292,-0.68120245,-0.14825704,-0.24155715,0.00705826
-1.15268456,-0.94726947,-1.70502196,1.72102492,-0.92834616,-0.40967476,-0.37382483,-0.10640844,1.55963912,-0.04622902
2.99900526,1.18482058,-0.70558284,0.33535574,-0.58051577,1.74819874,0.99235324,1.34149603,-0.69291045,-0.49038268
0.06624420,-2.40396555,-0.59103206,-0.04351460,0.56204095,0.07595002,0.23217773,0.52212416,-0.11657996,0.79264110
-0.43864253,-1.60928527,2.51520034,0.44993972,2.25405595,0.19183547,1.14921121,0.74050098,1.73065844,0.96304684
-1.36440224,-2.71014854,-3.11335813,-0.32690128,0.72308531,0.10673731,-0.58889918,-1.60916480,2.00441356,0.33281788
0.86791932,-1.07780566,-0.33057560,1.88383247,-0.21281951,-0.70661698,-1.08457057,0.65179572,-0.11047187,1.05885874
0.13165456,-1.47207592,0.32884385,-1.43535296,2.06132237,0.84068335,0.18216652,0.22647820,1.18102389,0.72241300
1.18342822,-1.27390640,-0.37195055,-2.54718684,-0.57638318,0.75639333,1.22510551,-0.78536547,0.68400380,-0.04908127
0.24524038,-2.36268757,-0.89288977,-0.72504870,0.62933050,-0.87704608,-0.41999006,-0.64757253,-1.10429322,0.54435944
-0.12436892,-1.93310228,0.02946519,-2.48109109,0.31860696,0.19030235,-2.02373565,1.12887898,-0.65796763,0.03851981
0.02308556,-0.25902673,0.45898944,0.33081923,-0.48554780,1.41990057,0.67635025,-0.07714385,-3.32305186,-0.44183273
-3.52833205,-0.95604355,-1.52723473,0.61511842,1.27172698,-0.62485012,-1.47482187,-1.13298136,0.51218142,-1.58142751
-1.35100188,-0.85775121,-0.71755694,-1.31558823,1.23654288,2.78034116,0.30852828,-0.44882392,0.20757388,0.73719637
0.35609950,0.43066795,1.49839174,0.09219135,2.23678812,1.99197510,-0.04144951,-0.65592139,-1.18592774,-2.34765875
0.36494433,0.39705510,-1.76945929,0.28350016,1.03410663,1.24761214,-0.38572510,-0.18778744,-1.36799220,-1.61252988
-0.15227966,-1.28122854,-0.86821953,1.58085525,-2.15604809,0.45971246,-0.10313263,-1.91712701,0.14805817,-1.34503458
0.27586350,-0.27142603,-0.42682927,-0.46463155,-0.59546483,0.68732798,0.96446590,-0.93665831,-2.11129762,0.70084974
0.40171719,0.50224453,0.25920657,-1.88960525,-2.11824005,-1.69712917,-0.81224539,-1.07582997,-1.78010137,0.41913337
-1.07407845,-0.90267031,-0.27429114,-0.18514588,0.05559670,-0.55333013,-0.55091960,-0.04372338,1.09731554,0.88181526
0.10692342,1.03724225,-1.15675862,-0.15005229,-0.17421967,0.15916848,-1.20956504,-3.18042748,-2.22798128,-0.28715493
-1.08887880,-1.51856163,-1.14461914,1.21191233,0.61941321,1.92897702,0.98313896,-0.38018743,2.96956361,0.27606421
0.17756847,-0.30130717,-0.97006185,-0.32323742,-1.53485955,3.99744482,1.32089234,0.00802096,-0.55534346,0.18241671
-0.56641613,0.41901308,-0.08504747,-1.78482558,-1.16105941,1.63361832,-0.27895256,-0.14726072,-2.90139394,-1.37683853
1.48536464,0.45793513,-0.32550381,0.34538710,-2.42192355,2.50007292,0.66443074,-1.70820418,-1.43377740,0.42021991
-1.96962842,0.84225797,-0.55428653,0.26580263,-0.22868096,1.29557741,0.63606894,-0.28967418,-1.17349817,-0.69416114
0.98491793,-0.23685405,-2.15809884,1.33142093,-0.84465319,0.39142807,-1.65169647,-0.03947255,-2.33184715,0.13810029
0.12163484,-0.65852027,-0.78170198,0.16029213,-1.35347157,2.35767478,0.19024634,-0.14396794,-0.40030936,0.20759545
-1.04752074,-1.05706693,-0.63165058,-0.19589481,-1.72329602,0.76170787,-1.44986488,0.26219669,-0.12584955,0.18255022
-1.01512702,-0.31736803,-0.97625137,1.11315001,-0.33472591,1.96958078,-0.50887129,-0.93009362,0.79582708,1.32318312
0.64562054,0.64912436,-0.23348909,-1.12443486,-0.59265057,0.76900541,1.61926456,0.99335447,-2.09022487,-1.07368728
-1.01930004,-1.57705087,-1.11286928,0.21002663,1.06998889,-0.08052124,0.76701688,1.20292976,-0.11485644,-0.29219895
-0.39621378,-0.02673056,-0.47827346,-2.63233237,-1.96757566,2.59139181,-0.64545856,1.01346377,-3.49404405,0.50980715
1.26767059,-0.40277272,0.71339859,-1.94559110,-0.31122039,-1.17370664,-0.39131226,0.10347307,-1.40226021,0.75972144
-1.35748230,-0.27382923,0.77547860,-0.52320350,-1.12864492,3.33599197,1.72937348,-1.64167725,-2.32869236,0.55658018
0.08972281,-1.63728943,0.80640629,0.13678764,0.18147920,1.15530452,2.88510444,-1.22735709,2.40190934,-2.07634863
-1.71308029,-2.54294018,0.34266799,-0.69896364,-2.49752018,-1.12823436,-1.03828324,0.21264961,0.78829019,-0.10521775
2.53069176,-1.20189740,-3.27162677,0.96690293,0.72390925,-1.59117114,-0.51458616,-1.62531940,2.34295086,0.69398250
0.10372990,-0.26051314,1.12838214,1.43062445,-3.75065899,0.49542158,-0.24720801,1.61340062,-1.08107709,-0.42641262
0.12823601,-1.30947476,-0.63207137,0.91323218,0.48313668,-0.08619431,-0.25262525,-2.07357028,2.28223329,0.94965498
-1.63830163,-0.04056066,1.15607690,-1.28915593,0.90178956,1.96810653,0.49166850,0.04563013,-0.98590505,0.90856065
0.40898370,2.00395823,0.02355674,0.94296890,-0.79471004,2.31956992,1.11246014,-1.12359544,-2.06562136,-0.03118282
1.01901657,2.89806951,-0.93237759,0.24627469,-0.65432112,1.72316550,1.02682831,-0.46793356,1.44452639,-2.37752025
-0.99033360,-0.84268651,-0.55320345,1.40138183,-0.16844069,1.45377773,0.40977777,1.11553470,0.83069273,0.61029117
0.07932462,-0.30901436,-0.45622856,-0.04581401,1.73653534,1.04939848,0.61736331,0.70705350,-0.21278788,1.96060800
-2.35537077,-1.46398113,-0.49688265,-1.43350309,1.39878982,-0.14002387,-0.72465926,1.91776328,0.53747890,0.62048498
-1.02425360,-0.91473217,-0.85568181,-1.30380451,-0.37058411,1.76529558,0.47787772,-2.88093448,-0.58814502,0.14438330
0.43873091,1.31747046,0.16737282,0.11917868,-2.42095908,2.29923163,1.04989328,-0.45750303,-0.10774067,0.16856242
1.30804223,-3.66247100,-0.16156099,-2.90788005,-0.61433504,0.08423958,0.51575388,0.40998546,1.07285551,0.64345310
-0.19310894,-2.55708034,-0.35641081,-1.87802326,-2.44995236,-0.31270777,-1.31266158,1.18918053,0.60201180,-1.10869935
-0.90836080,-1.75731670,-1.76900727,0.48594981,1.21639977,-0.56849930,-0.92241340,-0.19005241,1.17506717,0.05265246
-0.61965746,1.07840288,-0.29900307,-0.12514014,-1.68818323,-0.68795017,-1.31357687,-0.99927522,-1.00109922,0.33171910
1.04637706,-0.14038051,-1.09234018,0.91802492,-1.48426463,1.31447584,0.06681358,-2.04196735,-2.30278205,0.52559622
0.93341633,1.72308834,-2.03579288,-2.51955416,-1.80968019,1.47446527,-0.08689517,-0.08245175,-0.63461786,-0.08409209
-1.04545183,-1.26337398,-0.17928587,0.10434927,0.95521313,2.81432629,1.07086065,2.23647174,-0.52693365,0.33231459
-0.37796850,-2.63311724,-1.11746524,-2.60713351,-1.47579932,0.16958429,-1.16585470,-1.05620465,-0.22179343,-0.65154812
0.28944816,0.43794241,1.01589931,-1.14874088,-1.20706246,0.67087180,-0.69770875,-1.62147380,-2.18245988,0.82782292
-1.72158126,-2.62334195,-1.75590585,0.67800519,1.70624016,-0.42705972,0.53693653,-1.36505213,0.38119629,0.82820476
-0.11259929,0.40616443,-2.07670837,-0.72161048,0.51709224,1.53328677,-2.05363571,-3.00250235,-2.44490296,-0.84193979
-0.63201703,0.12212447,-1.20821310,-0.40904112,-1.44423720,1.10789514,-0.65669209,-2.73197123,-2.40370962,1.40091198
-1.88396875,-1.66781090,-0.40753093,-0.66814825,0.77150999,2.83238580,2.06457555,-0.68238562,1.55490057,-1.15947219
1.43184852,-1.98635136,1.65006113,-0.35064134,-1.15365859,-0.44950226,-0.42966202,0.70034312,-0.04628230,-0.58130179
-0.63427861,-1.53354315,-1.40983756,3.27959789,1.48518078,-0.04946989,-1.84962315,-1.11319774,-0.56517983,0.30314981
-0.85704033,-2.17079207,-1.14608436,-1.40444904,0.33630219,0.89425445,-0.53046189,2.08501370,0.69649366,-0.24792193
-1.36586243,-0.37339957,-1.46569679,1.38151105,0.46418675,0.88922293,-0.65244897,0.03075234,-1.29297302,-0.23345099
0.16049953,-0.73825138,-1.37272479,-0.28294947,1.86797406,2.64058196,1.05875084,0.59757490,-0.48492701,1.23926202
1.75622126,0.07806509,-0.91615926,-1.19059597,-1.41657997,2.59662548,0.87743553,1.99761253,-1.86832835,-1.53488911
-1.01863401,2.45266238,0.64613820,1.40919699,-0.57588693,1.78058838,1.59171138,1.01005920,-2.00734618,0.49800377
0.54204635,-0.59165804,-0.83289593,-0.63843757,-3.00141893,-0.48145778,-0.52618051,0.83448554,-0.91327246,-0.58036031
-0.10558299,-1.00883991,0.42570626,-0.41470035,-0.63356455,2.07392293,0.47448077,0.53884997,1.24616828,0.55264980
-0.23520505,-0.23185046,1.43865734,1.45342713,-0.94077494,1.38386340,0.50839976,-0.46942640,-0.96620465,0.59183401
0.49656106,-1.62819671,-2.24546176,2.40985330,1.42601227,2.24988570,0.14872336,3.42411401,1.00065204,1.06538765
1.24080718,0.78961825,-0.20627415,-1.10934345,-1.69385864,-1.24660144,-0.81116255,-2.08069198,0.50202721,-0.24217199
1.24837971,-1.47565099,-1.78474872,2.37151563,1.74985444,3.24498593,1.87654240,-0.33587745,0.03814173,0.82101905
0.37945279,0.59484828,-2.16252968,0.27923158,-2.62974389,1.46804743,0.02600030,1.27476235,-2.30671297,0.12820014
1.50272584,-1.90620052,0.53485351,1.21529203,-1.07904597,0.35092841,-0.25220440,-0.66262405,2.23700207,-1.72639429
-0.78344634,-2.11306289,-1.85644971,-0.25140850,1.73255981,0.14059110,0.02286049,2.14124415,-0.18921205,0.55222851
-0.30978635,0.61398622,0.60403058,-3.09557277,-1.53858765,0.50494040,1.67323411,2.39680229,-2.84422465,1.31108696
-1.77849325,1.20588779,2.13545552,-0.18869779,-1.06235391,2.05874476,0.91406015,2.64585594,-1.64028048,0.26754797
-0.72603415,0.03106647,1.60472669,1.65315249,-1.21471608,1.09449128,0.60147767,0.10884755,-1.33772153,-0.57858730
-0.25844087,0.67426116,-1.94823019,3.33147021,1.30916238,1.38190965,0.38778296,1.80053567,-2.71758703,-0.77141279
0.05665114,-0.66506948,-0.17154924,-1.61832586,-1.99929628,2.84050706,1.04124110,0.15199556,-0.54872461,0.30386898
-0.96932859,-1.60107664,-0.67312740,1.39790924,-0.14970014,1.20427004,0.23674514,1.39444863,0.94584045,-2.60826880
-0.94288355,-1.12960588,-3.24766585,0.97357309,-2.23845089,1.16846785,0.60649053,1.05326798,0.92694722,-0.93142220
-0.35586126,-0.94198725,-0.35132315,-0.58709649,-0.76724328,1.09800473,-0.62197334,0.62530678,0.30770091,-0.35233730
-0.57110427,-0.46939605,-3.02087735,1.08306077,-2.21066464,-1.04405629,-0.64303763,0.31458974,-0.55565135,0.62998871
-0.53804191,-0.21161318,1.18416160,2.86952294,-2.00133759,3.07246811,1.02029060,0.97333326,-1.43439786,0.55772148
0.38415838,-0.37005419,1.00398457,1.09360640,-1.57358147,-2.15577689,-1.26460507,2.74101484,-0.32316896,-0.71375390
-0.13102987,-2.61777519,-0.58896918,-0.44748440,-0.21745169,1.38038264,1.00879868,-0.20099590,-0.21438744,-1.37015217
-0.36748537,0.29070669,-1.39674642,2.04107560,-1.25116314,0.55398553,-0.17387016,-1.27723165,-1.34682947,-0.65028461
0.05848167,-1.67406043,-0.35930299,0.55976541,-1.36988226,0.69593846,-0.45878217,0.51172333,-0.13389031,-0.54166276
0.19006797,0.87296597,-0.99081560,0.96389107,1.08807151,2.07859695,0.79327995,-0.39123426,-3.67057298,-0.53718174
3.25850569,-1.59818353,-0.40741330,0.81438753,3.03392488,0.68330255,-0.20842857,1.39462060,1.45599414,0.79705581
-0.49935201,-1.03118940,-0.72227370,1.54605947,-0.51755810,0.11061310,-0.11875502,-2.84944238,1.93987623,0.53439744
-0.73963439,0.32671408,-1.59721700,0.48081165,-2.72885773,2.31508314,0.54836937,1.87048770,-1.87460888,1.23837557
1.30006201,-0.70898869,-2.00869957,1.76721485,-1.82751189,1.21163652,0.53459300,1.78632957,-0.67301418,-0.09111500
-0.66634849,-0.89871029,0.79612336,-1.47535175,1.02736182,-0.21390658,-0.60319486,0.54238295,0.92253288,-0.47144357
0.07674975,0.31813101,0.75998546,1.22312676,-0.25592737,2.29355258,0.41180056,-0.87251882,-1.72746233,-0.58855297
-0.92927103,-3.15185200,-0.94262866,0.36398867,0.57070046,0.93357626,0.87351741,-2.17270718,0.93449252,2.14195480
1.01811160,0.41739937,-0.82014272,-0.57511902,-2.57322537,-1.51529763,-0.81974898,-0.54913775,-0.61158504,0.40617501
1.62844908,-1.67318966,-1.50617277,0.50103664,-1.72085408,0.84073278,-0.26841081,0.02213667,1.55590493,-0.61127910
1.16381765,-1.32040672,-0.51524064,2.62095757,-1.92242760,1.40469548,0.24741173,0.09137454,-0.93401358,-2.11061572
-0.04492711,-1.29525357,-1.08406186,2.33680643,0.27344006,0.75730526,0.76458151,-0.88563619,0.63809583,1.27104199
0.30481938,1.07495074,-0.61309314,-0.10545755,-1.10680529,2.91068454,2.16721132,1.70585881,-2.67733863,-0.00043397
0.40023379,1.31480641,-0.58864653,0.17580834,-0.80482019,1.89660152,0.31043907,-4.38241422,-1.30505112,0.05836278
-0.76858720,-0.35432580,1.71466894,1.69394354,-2.11636059,2.51715867,0.88419915,-1.52021161,0.37646808,-0.08011709
0.60656360,1.97571303,-1.10526535,-0.05551319,-4.17972997,1.71443591,1.47846508,1.19753154,-1.13867130,-0.38240338
1.68103717,-0.03684441,0.00379065,0.25899363,0.42543786,-0.40757711,-1.05972723,-0.75942841,-2.10670333,-1.12938488
1.11090874,0.08683107,0.33010297,-0.27639412,-3.29467579,-0.42177866,-1.78623188,-1.17145194,-1.87392181,-0.31337478
-0.00202070,-1.89766874,-1.08460697,-0.22963346,-0.90135122,0.25405497,0.00100231,1.10564541,-0.72633726,0.27498453
-2.15034488,-0.46410918,-0.27273709,0.30407733,-2.06151946,-1.90254535,-1.04567172,-2.21218369,0.14836206,-0.15238882
1.10439255,-0.26376118,-0.58885733,-2.36449905,-1.05769724,1.07753247,-0.31406079,0.62604064,-1.80070829,0.55781588
1.51202860,-0.05588982,0.97876314,-0.39583065,-1.28782349,1.23473810,0.16723559,2.05994734,-0.06656791,-0.30916846
0.16130402,-2.15531048,0.12847089,0.66144962,2.15848378,0.32114711,0.40037446,-0.31649897,0.55080743,1.70679227
-1.16943044,-1.04520922,-0.77603945,0.65339294,-0.28665273,1.12122316,-0.31691436,1.04396858,1.46851505,-1.29517702
0.46822405,-0.28704395,1.34249302,1.19773645,-0.95102378,0.94342801,0.52312576,2.91473151,-0.88245224,0.17948991
1.17558500,-0.46658074,-0.74933417,-1.35019823,-1.91813004,0.15293447,0.45911471,-0.95664511,0.47636832,-0.33387332
0.60068645,-1.03214246,1.03109645,1.45163087,-0.51986284,-1.99992601,-1.02230777,0.74873379,0.10440010,-1.15405346
0.90629181,-1.67220445,-1.24174033,4.08792838,0.88993147,-0.30263822,-2.24401880,-0.12427583,0.95375390,-1.92133202
-0.13663131,-1.51129794,-0.02002064,0.73186433,1.98567175,-0.84708288,-0.58407797,1.44636665,3.37432096,0.88101223
1.20455902,-0.93203261,-0.76777000,0.61864867,1.75616371,0.85452944,-0.05811566,-0.99218571,-0.65871338,-2.14095587
0.44771339,0.40273421,0.34132546,-0.47749571,-1.93016839,1.68231096,0.41037287,2.05410907,-1.54853786,0.23391055
1.00705007,-1.83759920,1.24380185,-1.30668518,-0.13742527,-0.37022588,-2.07099523,-1.54615889,2.01142564,0.28329120
1.29531126,-0.96205763,-0.88725868,1.49120517,-3.23131056,0.83752701,-0.80802546,0.41192604,-0.99920692,-0.09307160
2.26336950,-2.45960343,0.08659585,-2.55867622,-1.35505642,-1.25365084,-0.99256164,1.64221743,1.11414690,-1.19722048
-1.66498757,0.15451748,-0.82740833,-1.51203680,0.70999264,1.90550670,0.28646237,-2.66892153,-2.39276069,-1.45303518
1.05573858,-0.17869865,-0.33299508,-0.49375345,-1.37316246,2.55328150,0.14709406,-1.67191169,-2.52169396,0.64770544
0.89901948,-0.45716094,-1.43611193,1.56245700,1.46195074,-0.10920709,-0.23561867,-0.25937688,0.35229066,-0.72258035
0.24637086,0.01839944,-0.93459303,-0.17212247,-2.82682215,-1.47796928,-0.59898347,-1.58188054,-0.05133062,0.72156864
1.36884099,-0.52046896,-1.48874747,-0.90816175,-1.55460927,2.02689129,0.19523479,1.47095529,-0.02247634,0.65165276
-0.16906826,0.28024660,-2.49128342,0.25086621,1.05262486,1.46957275,-0.25759249,0.20049706,-0.53190517,-0.80278731
-0.49567679,-0.23321889,0.62530762,0.47335516,-0.84114056,-1.78247374,-1.38175966,1.38675159,-1.21652469,-2.08936200
-0.67233084,0.17432491,-0.35441353,-1.46901579,-1.08105906,-1.93682689,-0.69580870,-2.24839015,-1.54783418,-1.11362625
1.23765779,-0.14119346,0.10231495,-1.51718263,0.13858674,-0.29550983,-1.70523835,0.57100697,-2.46034291,2.80486347
2.00426244,-1.60955599,-0.92150964,2.46040029,0.27697092,-1.16907848,-0.10519091,-1.72473869,1.60875277,-0.76887605
0.70764618,0.70926240,-0.78270188,1.51922015,-0.18691243,1.77243902,2.25798726,1.92027962,-1.70423797,-1.29411965
-0.05565402,-0.73574482,-2.07113173,1.32794846,-1.63433322,0.94908604,-0.31892310,-0.25507136,0.33801508,-0.18378127
0.69659457,-0.29327355,-0.44032046,-1.14979731,0.17289111,1.10379678,-0.81817625,1.20596424,1.00373610,-1.40062464
2.50205618,2.14886209,-1.63473183,1.45371044,-1.78779403,1.75525395,-0.16149755,-4.06715291,-0.51642621,-1.95376049
-0.24938094,0.18634322,0.35694996,-0.97892837,-3.83761953,-2.03151025,-1.28077943,0.39130681,-1.73914326,0.42276765
0.74277317,-1.44309232,-0.51805489,-1.74584398,0.79146109,0.20395132,0.82788730,-0.16073831,0.88993703,-0.32428348
0.75436756,-0.94007848,-0.44183277,1.16579474,0.56332820,-0.07314480,-0.79622237,0.23961537,-0.37577838,0.98372506
-0.01109102,0.46356618,1.28406035,0.50918940,-1.84142602,1.43033986,-0.48803162,0.68299314,-2.46380148,-0.05789233
-2.22787213,-0.53577407,-0.93360835,0.30801150,0.72104973,0.28207509,-0.21850375,0.90649710,-1.44944270,-0.52371441
0.55132357,-1.09337591,-0.35993666,-0.99781284,-0.20411189,1.67843070,-1.47178766,1.79306537,1.78748229,1.01107660
1.70628958,0.47717267,1.82416457,2.19416262,-2.49402604,1.92315407,-0.39896118,2.77414182,-2.48840860,-0.26408976
-0.53183611,-1.86406298,-2.34296206,1.04194710,1.43432595,3.20712713,0.63652429,-0.56963870,2.20937038,1.07939625
1.50623062,-2.42415504,-0.80610815,-0.51182942,0.54579169,0.46372146,0.19456325,-0.82751808,-0.19425280,-2.28239121
0.29743415,0.40984453,-1.68541795,1.54418415,-0.01215340,1.86014195,0.98322885,-1.33510097,-1.94119660,0.02914930
0.62984919,-1.66716231,0.37050759,-1.29904598,-0.16933448,-1.25111874,0.19434041,-3.69536373,1.31517946,-0.79294581
1.43989575,0.72639948,2.43753191,0.86919336,2.34103863,1.46935979,-0.29627888,-0.15358704,-2.02615745,-1.93344329
1.41448342,0.75670224,0.36972266,0.38901794,-2.59383151,0.75578439,0.00822316,-0.56784645,-0.41051822,0.68104089
0.12831583,-0.86649247,-1.13704738,2.43400379,-0.76103656,2.28267035,0.73703598,0.23262132,-0.04414785,-0.86043652
-0.58232312,-2.56907158,-1.14710856,-0.99008624,1.37672182,0.07164638,-1.28257704,0.66596554,0.53232783,-0.34438273
1.56300507,-0.75998586,-1.30009609,2.18102174,0.76802301,2.20161127,1.31110568,0.75399200,-0.45661669,-1.24759394
0.65655841,-2.18096941,-0.00723160,-1.41579530,-1.87740042,-0.69758369,-1.19578823,-0.79832752,1.03106840,-0.90562928
-0.10815109,0.94617703,0.47542323,-1.02377990,0.23738073,1.48175770,0.26029084,-1.37015477,-2.54008231,-0.74433962
0.43564480,-0.81091415,-0.53867541,0.74784334,-1.04560100,-1.11617157,-0.55106623,-0.95521595,0.61166321,0.64082015
1.96016539,-0.47478725,-1.62445582,1.37610097,-3.89382434,1.29343634,0.90440125,-0.63915940,-0.57615972,0.55617520
2.07906462,-2.17737614,0.16152257,0.98198439,2.01780261,0.72731115,-0.16863695,0.24550612,1.25827677,0.01828578
1.27186875,-1.06902762,-0.41240728,-1.21242553,-0.84822683,2.22627328,0.74871936,-0.30590587,0.04597768,0.30841016
1.73956132,-1.71840043,0.77332581,-0.66003300,1.87249629,-0.02523246,-0.59263153,0.85816673,0.89771244,0.98907002
0.18889428,-1.58824626,-1.31296865,1.21955567,0.58119043,-0.61282656,-1.08145690,0.02563808,1.50285297,0.66353943
-0.79742014,1.90368867,0.50193265,-0.18518290,-0.09762157,2.90133640,-0.47343258,-1.64761933,1.43780099,-0.72878283
1.00168765,-2.10286665,-0.61199030,-1.35943260,0.93080039,0.93344211,-0.31754895,0.23774119,0.54747201,-0.26107290
0.62292153,-0.51836250,-0.50712491,0.05607405,-2.81314219,-0.77390745,-0.26443245,0.46034896,0.63506271,-0.26992424
-1.54920386,-0.71644415,0.56788773,-0.98613765,-0.78502149,1.04442248,-2.01489572,0.83663460,1.23849362,-1.06773375
2.31889720,-2.07616390,-1.74481872,1.03097260,2.79399242,0.09297616,-0.12659898,2.00048630,1.13459690,0.25775786
0.69768554,-0.77834166,-0.21710915,1.83390986,0.64168213,-0.20226931,-0.53555519,-0.53045796,-0.28988366,1.24629612
1.61907618,-1.99635586,0.73387806,-3.61150531,-1.13352053,-0.41880131,-0.85645789,-2.02924568,1.96508474,-0.63197706
2.30424619,0.79299019,-0.62229168,1.51622091,-2.30119476,1.46136895,1.12181282,-2.66772686,-1.29261084,0.47508688
1.11590265,-1.31315379,-0.96127144,0.14014085,-0.64814514,0.36412086,-1.13495535,-5.23751953,1.45258816,-0.15308368
1.50145774,-1.75181893,-1.87349250,1.65179551,-0.10756869,-0.25046189,-0.75498209,-0.18737383,1.16445994,0.16920262
1.63558823,-1.43862170,0.36367588,-1.23232010,-1.25740787,0.56669760,-1.22128724,-0.13224383,-0.14125620,-0.34937349
2.70876398,0.38836515,0.94006094,2.61689002,1.97691555,2.77599367,0.49444305,-0.00428816,-2.47413987,-2.41425665
2.17362476,-1.97685272,0.89162522,-1.16474277,0.35689740,0.56931314,1.55367519,-1.52981053,0.23701698,0.10272930
1.39330301,-0.36632086,-0.75600826,1.69082790,-0.81689550,0.78194614,-0.93749884,0.29537916,-0.71147709,-0.69624569
-0.05292771,-1.20261981,-1.03026237,-0.13260520,-0.75950175,0.96458237,-0.61969300,0.15272344,-0.32599024,-0.03016430
0.28476436,-1.57200719,0.53743114,-0.95231182,-0.29393094,0.05143999,-0.31777161,0.55532932,-0.55292697,-0.10338663
1.96577025,-0.12161756,-1.05614679,1.32241682,0.50034438,-2.05574933,-0.31194800,2.08173489,-0.81665801,-1.02581314
0.43572902,-2.42163798,0.59763672,-0.56496941,1.18187957,0.59391129,-1.36586190,-1.40209300,0.78577779,0.79107098
-1.26450098,-0.41611792,-0.51364807,-0.97997113,0.31448665,0.82397527,-0.62907897,-0.24481195,-2.38687596,-0.99459888
0.27040366,-1.77743421,-0.43132717,-2.22870433,-1.66206520,-1.52591215,-0.94342055,-1.86950542,-0.31235584,-0.37137346
-0.06898117,-0.29126408,-0.30197745,0.39607398,-0.43499892,3.05845399,-0.10320625,-1.34580521,-2.05153098,2.42442858
2.35149744,-2.69236788,-0.47278837,-2.21427028,-0.12103959,-0.73691407,-0.04347908,-0.61972254,0.42318853,-0.40110011
-0.16557672,-0.16755153,0.65458861,0.25488842,-0.83504506,2.36443088,0.71365655,-0.82016533,-1.18182991,-0.42743188
0.76194403,-2.96080973,1.08276979,-1.31097304,0.31069724,-0.80041507,0.24318040,2.34952675,-0.86179948,1.07677913
-1.28507507,-0.46043428,-0.17847361,-1.71819198,-2.83693010,-0.75070440,-0.62148765,-1.56890043,-0.92119135,0.48016425
0.56701186,0.09843488,-0.75333203,0.19270078,-1.20257947,1.11632504,0.22819726,0.19188979,-2.25535363,1.67800430
-0.90159836,-2.95542961,-0.80155349,-0.85912885,1.24046025,0.37719499,0.53443339,-0.45099155,1.71255562,-0.31986381
2.60771635,-1.52307829,-1.00873230,-1.54812903,0.78601835,0.46304461,-1.15611701,0.19609285,1.14423766,2.31246199
0.07408716,-0.32958219,-0.23375176,-0.94747427,-0.82314553,-0.38814433,0.30660870,-0.67011301,0.17475820,-0.09929306
-0.09716161,-0.87689293,-1.00321025,-1.14607022,-0.25888292,1.09362691,0.03172048,-1.53280389,2.27977811,-0.62691740
-2.40858764,-0.60948416,-0.17057688,0.82683319,1.11718882,3.64031246,1.13862517,2.13098756,0.78321880,1.12550097
1.61154317,-2.96766283,-1.43541502,-0.98594752,-1.44038950,0.48011398,-0.21820862,0.76452676,0.86030134,-0.96896212
0.90679551,-0.52807512,-1.16442580,0.54016369,0.41436453,1.76551493,0.13711791,-0.14015251,0.40895488,-0.97494303
1.27249996,-0.36369150,0.07007991,0.67979575,-0.82434392,1.15003511,-1.44690421,0.86144721,0.09171763,1.35477464
0.09525564,-1.79829977,-0.59812472,-1.78433481,0.55767333,0.77751795,-0.21239001,1.80180421,-0.57797357,-1.10712492
1.29897128,-1.37316072,0.80295483,-0.75791976,-0.41337107,-0.27196764,-0.60455554,-3.85905962,0.03080296,-0.94083066
0.69473311,-2.11642030,-0.15349805,-1.69738210,0.82141432,1.41556755,0.06628075,-1.14009246,0.58038272,0.08250035
2.01830657,-0.02225179,-0.00769935,-0.79872473,-0.05445329,-1.27899886,-1.39754875,-1.45681116,0.69727717,-0.72370251
-1.44257774,-0.50579964,0.95746978,0.32762786,-2.06601380,-0.71312612,-0.80161299,-0.22055697,1.34028822,-0.43380609
-0.39252898,0.77592964,-0.59257898,0.82178715,-0.61845990,0.81123389,0.22442921,-2.24548612,-1.83697123,0.24468500
3.06735165,-1.57857265,-1.12191304,2.16836359,0.18114553,-1.41499962,-0.67312457,0.25306517,-0.41141272,-1.12656098
-1.00553532,0.77417054,0.50499555,1.37208355,-0.17769574,1.60850331,0.00789691,0.66928452,-2.98884222,0.12872034
-0.39651972,-0.07662464,-0.67105834,-2.23452109,-1.29984685,1.58638795,0.25680260,-1.02686363,-1.28781476,-0.26774976
0.77240532,0.47696270,0.32762125,-1.11695095,-0.20950376,2.58937206,-0.24808297,0.84149844,-1.87131069,-2.00900678
-0.52512891,0.91601284,0.78123313,-1.85709439,-1.78155742,-0.03255182,-0.77323030,0.39493523,-0.58190239,0.54025428
-0.36675903,-1.56196262,1.14982584,-1.88885950,-1.49948989,-0.01756088,-0.56586167,1.28369289,2.03600260,-0.33650923
1.27289633,-0.50882353,-0.32756859,-0.02579177,0.28268289,0.91697231,-0.18549688,-0.74454779,0.00679684,0.68777800
1.67369578,-0.96372572,-0.40689773,1.94107240,-0.35903839,2.13363688,-0.47641682,3.24901765,-0.08002886,-1.53847549
1.64619863,-1.34111241,-0.04687674,0.09991790,-0.41719814,0.72702540,1.34854735,-0.01698310,0.46513875,-0.94490434
1.75844241,-1.72817557,1.27095814,-1.54019561,-1.07352550,-1.00244101,-0.64659540,-2.11764409,-0.64410071,0.01885292
1.88972529,-0.39801213,-1.46976926,0.11310382,-2.09220829,1.79343049,0.18577930,1.00186085,-0.91001973,-0.15040549
0.11228959,1.10585945,-1.50205522,0.45505661,-0.50935509,-1.13901027,-0.59713207,1.20117809,-2.31755601,1.02494908
0.32872536,-0.57697964,-2.64328513,1.59553489,-2.71982436,0.78876006,-0.90395408,1.58727707,-1.13353595,0.31065027
1.76880609,-0.37846681,-0.94568249,-1.86126864,-2.02358916,-1.09599927,0.08473638,1.03902978,-2.21874588,-0.59863830
-0.82780749,0.06993628,0.12811336,-1.21300356,-1.08637324,0.58179823,0.93929375,-1.00286257,-1.68319232,1.35641356
0.40865810,0.23010824,-0.79226881,1.00429916,-3.48364754,1.43899772,0.53306472,-1.49719235,-1.98805594,-0.02644866
0.69976159,1.19047227,-2.38157049,-2.25483212,-0.04208239,1.83113705,-0.12825942,-1.22382634,-1.06575031,-0.89828747
1.07922749,0.22823140,1.71460150,0.56013040,-3.78765865,1.32665500,0.14377320,-0.06250567,-2.67125660,0.20748413
1.75690339,-1.64453037,-1.03032060,0.87922318,0.74335016,0.78169375,-0.43531444,-0.00793150,1.84638830,-0.97360188
-1.55676040,-1.49188205,-3.76672169,-1.64051847,1.33292090,-1.47029538,-0.85100696,1.62038057,0.99622512,1.14003027
0.76905904,-0.58735455,-1.33593538,-0.45549319,0.97657188,0.46772182,1.74688601,0.76027267,0.23102695,0.98515165
0.56139832,0.10980867,-0.08191909,-0.03947578,-2.64865818,1.88152468,1.77542717,0.33719019,-2.16369244,0.02847558
0.10648347,-1.67348547,1.06516409,-1.96522707,-2.35235513,0.20456149,0.54639019,0.12961744,-0.01420425,-0.48508530
-1.73425088,-1.80527320,0.12879868,-2.16337494,1.28074397,-0.49020154,-0.18530311,-0.26530685,0.67611991,0.53556055
0.98191613,-0.75412450,-2.39283008,2.41020949,-0.90557995,-1.20332794,-0.52876666,0.91661440,-0.06567454,-1.04496653
0.88906209,-0.41864063,-0.84083188,-2.10985598,-2.51279425,-0.85555905,-0.79754634,0.10337819,-1.38544757,0.01744467
-0.73049845,-2.36893511,1.31961851,-0.27311139,-1.17566432,1.06708783,-0.90788313,2.05454027,-1.16940900,-1.42074532
-0.64340289,1.98009775,-0.75556369,-0.90039337,-0.09240628,1.21045261,1.16981401,-0.70975307,-0.94530740,0.52680461
-0.13841193,-0.07087288,-0.72507821,-0.15064962,-1.68809356,-0.38469709,-1.55905011,1.13162326,-2.77084937,-1.25001104
0.76657941,-0.70285018,-2.50079516,2.39539701,-0.53726990,1.36241126,1.26048185,2.93037805,-0.93473310,-0.79230270
0.22361747,1.22277989,0.49994637,-2.70962246,-3.11185419,1.07632191,0.77588797,1.04829353,-1.33774284,0.70273372
0.98144039,-2.35229222,0.65841807,-1.86785045,-0.44765597,0.52927512,0.68081428,2.15338938,0.03745202,-1.07585066
1.41367417,-2.07607384,-0.30950271,-3.04569250,-0.37996265,0.64732222,-0.54253490,-1.63982485,1.27974321,-0.41693912
-0.91385968,0.59601223,-0.23438240,0.22813461,-0.15463491,2.02326714,0.18635995,-1.04477364,-1.26556770,-0.55777144
0.59369514,-1.74283271,-1.31968112,1.30959652,0.18368683,0.41462790,0.23359438,1.56097119,0.01759833,-0.45503751
0.17749780,-0.96703431,0.62700222,2.06428643,-0.62674365,-0.25982746,-0.20953728,0.52241953,2.16510612,-1.62022662
-0.43588481,-1.59987477,-1.71505654,0.57838252,0.33152999,0.33363177,-0.26869252,-1.35306201,2.10379982,0.44389090
-0.65032674,0.01656575,0.45793705,-0.38277942,-1.38713783,-0.62284488,-0.99033133,-0.66147709,-1.31106633,1.09305402
0.37799167,0.64940064,-1.01325473,0.00854889,1.68210893,1.54346855,0.09210532,-1.57482768,-1.29807609,-0.92441906
1.48743115,0.53466318,1.59504883,-1.07413352,-1.18505445,-1.34479168,-1.60796286,-0.91268895,-2.05863398,0.35268006
-0.59996332,0.30379749,-0.21420613,0.37350912,-1.56481259,0.72438879,-0.06777604,-0.76842225,-1.96079138,1.30847682
0.45047785,-0.64143126,-1.09113505,-0.18241592,-0.52981608,0.86204906,0.36887871,1.30328379,-0.43841819,1.69282576
-0.97105205,0.69873050,-1.37693420,-0.18736069,-1.53720748,1.55096774,0.72247882,-0.83917544,-3.24514737,-0.08613169
-1.93821636,1.58618035,-1.32776146,-0.01077780,1.02249283,2.01751137,1.62272517,-2.18244614,-1.33744576,1.04800391
-0.65299958,0.67774584,-1.02313069,-2.31930272,-0.99853927,2.19546485,0.00497332,-1.21381528,-2.07208269,-0.45008517
-2.69552266,-1.85535287,-2.17009929,0.08388536,0.79312474,3.29782871,0.41754725,0.74439289,2.63157224,0.34482431
0.37247489,-1.08852949,-0.96140873,0.68616863,-0.59659389,-0.11538690,-0.17095908,-2.42139552,0.01235493,-2.47722874
-1.74500246,-1.59376551,0.71639437,0.73893855,4.43341402,0.72798845,-0.40007667,1.85717948,1.26919915,1.53778569
0.61122454,-0.65640138,-0.99633124,0.12660429,-1.33534636,0.66673130,0.75528332,2.05245372,1.04950175,-1.45933108
0.66980348,-2.34945931,-0.53612160,-1.04919586,-0.01728523,-0.40658925,-0.92231218,-0.38491653,-0.83195793,0.58296102
0.08641869,-1.08869032,1.49502143,0.61932183,3.24629166,-0.87331336,-1.06607795,1.20058715,0.66890518,1.52837239
1.67456714,-1.18630305,-0.95614544,-0.48075813,-1.94590804,0.69161305,0.70186744,1.00995545,-0.24902197,-0.44966879
1.53712225,-0.25834104,0.13391259,-2.00197779,-1.42956035,1.30023096,-0.03898267,2.69316326,-1.19234773,-0.77995118
0.41298652,-0.54010670,-2.02363587,0.32180135,0.14039244,3.11596371,1.36139924,0.57205958,0.28082186,0.68125164
0.02557367,-0.58120920,-1.14821543,0.33361160,0.20642949,1.08213625,1.36837327,-0.78980717,-1.18186884,-2.48759826
1.14071669,0.17142383,0.48480965,0.64240774,-2.88202971,1.36569286,-0.28654379,-1.00388326,-1.88287726,0.34036468
0.04249066,-1.67252333,-2.94518426,0.48315925,1.06816975,0.23195421,0.05263663,-0.40709271,1.05178232,0.19088542
-0.79737305,-0.83023694,-0.94472950,0.02690758,-1.12875829,0.07937917,0.26397327,0.48855347,0.04341929,-0.49471621
-1.24121925,-2.11470301,-0.75192139,-0.93015330,-1.26911021,0.27445862,-0.87826144,0.25556947,1.05922645,-0.27873681
0.33608279,-2.25277445,1.01818947,-3.06867353,-0.81364615,-2.78152519,-2.44098908,-1.06018688,0.17541350,-0.50603464
0.24254115,-1.23521138,1.07366996,-1.08512018,3.32241041,2.01508450,1.06435909,1.79661780,0.64280547,1.30651104
-1.40745882,0.38091670,0.25110802,-0.67623804,-1.56810392,1.17766402,0.55637910,0.35525783,0.20838632,1.10910609
2.67893832,-1.28615291,-0.23363209,2.48395201,0.06377239,-1.45477944,-1.62166600,0.84577058,0.32587365,-1.32743412
-1.95754142,0.89408002,-0.52408789,-0.66915354,0.59642427,2.07196178,0.94353939,-1.27301264,-3.60931811,-1.28779663
-0.12646897,0.52171343,-0.58778991,0.38943807,-2.91629330,1.17107648,0.41673938,-0.53740594,-2.05007781,0.17097932
0.58969520,-0.81036014,-0.14443395,-0.12492257,-1.96847227,1.87351291,1.20971809,1.69667916,-0.47628193,0.90435209
0.19813383,0.12791438,1.16788437,0.13050074,-1.80150709,4.00272399,1.79542347,-0.06069746,-1.29284237,-0.45615813
0.74190340,-2.27511876,-0.29428660,0.29025548,-0.78694574,1.18438802,0.70964881,1.21763304,-0.02332459,-1.49325507
-2.02110795,-1.09664257,0.11748737,-1.38110421,0.22687025,3.03425499,0.91271021,-0.36608759,0.45352061,-1.13625296
1.09488523,-0.07969691,-0.69056621,-1.97079331,-1.80688121,-1.38945597,-0.85668028,2.12814708,-0.09292034,0.45300258
-0.14542251,-0.64961408,0.02301690,-1.82051716,-0.73602770,0.06420360,-0.54662617,-1.75211389,1.39032891,0.86198561
-0.01592797,1.26737307,1.55826575,-1.53286293,-1.75544274,2.57649025,0.84269628,-0.03189250,-0.08180523,0.50724757
0.22968488,-0.03555325,0.38056401,-0.84271216,-0.74847052,1.72966419,2.19298883,0.19121267,-0.93438356,-0.14123136
0.32905026,0.23907158,-0.11588912,-0.52968663,-1.67525570,3.91870625,1.24735398,-0.35963037,-0.22270344,-0.39270818
-1.50223898,-0.08782669,-1.50519653,1.72154477,-2.56106227,1.54525860,0.76872383,1.41939837,-0.98180061,-0.96785061
2.81390893,-0.15305730,-2.06613487,-0.02716881,-2.66206752,-0.83393363,-0.95725606,-0.77159866,0.32735320,0.71968492
1.24070134,-2.32600834,-1.77619914,0.93466086,0.21556955,-0.19757744,-0.42678408,-1.01151063,1.04986550,-0.53277852
-1.15553125,-3.73441995,1.11399863,0.75150302,1.47303815,0.15458759,-0.19780963,-1.67041068,-0.97021040,-0.62031700
0.08025738,-0.18190285,-1.16267251,-0.36178034,-3.06737623,-1.16393117,-0.85651998,-0.85451999,-2.01139906,-0.17629047
1.06231802,2.30203060,-2.35568209,-1.27899395,-0.55153714,2.51547735,0.93647943,2.83055886,-0.56178307,0.43821946
0.30645268,0.07066664,0.18319484,0.16288097,-2.85364127,0.73049594,0.49945399,-0.85297409,-1.32094166,-0.16688045
0.57907526,-1.84809708,-1.87829967,1.96318705,1.50287181,0.60211330,0.32097175,0.57212780,1.69330787,-0.42381769
-1.23743298,-0.35778544,-0.49613420,0.50651711,0.86656433,2.69356462,0.16490370,0.01939414,-1.50012654,0.74949998
1.23155662,-0.01225643,-1.34383649,0.23775395,-1.37660538,2.85057840,1.17397818,-0.64072559,-2.41494070,-0.06365271
1.48487981,-0.24544765,-0.15871419,0.04611036,-0.26365269,0.83868630,-2.46682954,1.08117953,-0.95327452,-1.32075667
1.64844616,-0.44820416,-2.21055400,3.21641538,-1.86255592,1.70087471,0.47672640,-1.35052290,-0.83280793,-0.78126267
-1.50694062,-0.99421140,-0.19667910,-1.12672420,0.87226580,3.33973107,1.07219749,0.27823427,1.30045839,0.74167831
-0.90516343,-0.48381162,-0.96279266,0.07538097,0.11730361,3.04696447,0.59994854,0.83119190,-0.86620051,0.65353262
-0.50107760,0.06763234,-1.16382204,-0.06035618,0.75092548,1.99950837,1.16316577,-1.65097435,-2.68580920,-2.31304988
0.72401782,-2.15360502,0.39293710,0.77368736,0.47389781,0.84629310,-1.04843854,-0.94563083,0.28996589,1.78161128
0.02104374,0.76774808,-0.83610108,0.15215739,-3.50563415,2.16341351,0.42260502,-2.44347964,-2.34481286,0.62730525
-1.23986761,-1.49990716,-1.02434465,-0.40267579,-1.16832989,0.48208988,-0.34123325,0.98770384,1.87179495,-1.05424999
0.35305729,-0.93117496,0.17229038,-0.14439226,-1.10077772,-1.53213840,0.17139157,-0.34138737,0.55313299,-0.73964832
2.03384990,-1.54910600,0.70773298,-0.80853254,0.16760370,-0.44335484,-1.10959111,-1.39665963,-0.55348705,0.23774859
-1.97070771,0.24213414,-1.71921126,-0.16363570,-0.87803323,0.99744552,0.60943377,-1.13130400,-1.28975745,-0.69409666
-0.54279087,-1.55571348,1.37310625,-1.62270378,-1.03152142,1.14552051,-0.84542522,-0.53437677,1.16928744,-0.87400873
-0.07415197,-1.13064930,-0.43934374,0.65552041,0.49265517,0.92842912,1.64644094,0.85161597,0.95290392,-0.95230416
0.93560993,-1.28775368,-1.37855676,0.60439268,-2.54277888,0.72441485,-0.57575395,-1.24062458,1.54475886,-1.07929140
0.46071715,0.52275275,-0.35878393,0.17059072,-1.78774995,2.53643666,2.00547494,-0.55708602,-2.80156994,0.00645701
-1.03735980,-0.92912513,-0.61144201,-0.75006954,-0.79329064,0.96809084,0.14021183,0.76077465,1.46956064,-0.92944544
-0.29558555,-2.17964868,-0.75442817,-1.63154079,0.04505296,0.48270551,-1.02420871,-0.11905058,-0.16633400,-0.29015285
-1.37693760,-0.41854333,-1.32776415,0.19803159,1.56554516,2.64439647,2.17038895,-1.22133668,-1.26906061,1.01813835
1.86930568,-1.95979109,-0.46868216,-0.58178811,-0.20856660,-1.30416959,-0.45685900,-1.35697527,1.26620223,-1.42794370
-0.94646818,2.03155119,-2.99160176,-0.58493236,-0.23110442,2.30518681,-0.13831871,0.76310165,0.80102240,0.42927512
-0.40671967,-2.27309230,-0.37215228,-2.04298220,0.88048418,0.00101871,0.07351999,0.76231914,0.13771725,0.14256511
0.24317931,-0.13893591,-1.38116546,-0.59211160,-1.88286328,-1.67663653,-1.49826180,0.41280237,-0.02091720,0.08270460
2.08393766,-1.29365242,-1.72543853,2.23602451,2.05769043,-1.05288989,-1.48890650,-0.31093028,1.67863800,0.97476644
1.93285723,0.01413279,-1.99378720,1.65386667,-1.03249801,2.70850009,0.28527412,0.51439934,-1.72483910,0.18179954
2.36998415,-2.65046470,-0.53614784,-1.10890652,0.34133874,-0.48755363,-1.16564772,1.44152356,0.05101181,-0.20104919
1.48178641,-0.41742249,-0.31034323,-0.80660599,-1.45995093,2.46778222,1.54973446,1.11084070,-2.18571471,-1.54743140
0.39117046,-0.05519190,0.62215662,-2.32412265,-3.24581436,1.33534830,-0.04425190,-1.12312465,-2.55181518,0.98262863
-1.27197022,-0.73992281,1.65417784,2.24487019,-1.45183686,1.53307180,1.05781082,0.99878413,-1.57884502,0.40526962
0.73371178,-1.58871124,1.34884926,-1.16724871,0.09707348,-2.21496469,-0.13071416,1.94521661,1.60155195,-0.05442383
0.37462980,-0.46159387,-1.04330802,0.49824068,0.25404932,1.70108108,1.91132934,-0.42412000,-2.19086674,-1.35202960
-0.61700894,-1.67998501,-1.50141482,1.97904271,1.28735592,0.16489211,0.68099598,1.27156731,-0.07922811,-0.47857669
-2.32667687,-1.38818077,-0.79813032,2.34669188,0.43207563,2.89951450,0.10447097,-1.39718018,0.49984003,-1.56771499
-0.05189181,0.32547301,-1.45266066,1.01707720,0.19111100,1.34635526,0.41721501,-1.21460887,-1.42702355,-1.23562110
1.14199557,-0.94000462,1.63967911,1.47713326,-1.45204076,3.72519148,1.29666389,0.35008270,0.65332540,-0.51139685
0.61967381,1.78838817,0.64365841,0.58964399,-0.55955442,0.00112415,-1.01989766,1.06421480,-1.59482149,-0.36413358
0.62135789,-0.21503007,-1.12311631,1.54771975,-2.81105015,1.20343619,-0.31455337,2.49235680,-0.41098789,0.67251859
0.05926743,2.51936295,-0.50935347,0.58590144,-0.72838442,3.12359190,0.59412298,1.07055831,-0.21974373,0.57694964
0.38130320,-0.31170375,-2.08183042,0.72907393,0.79206026,1.49610950,0.44288539,0.53598155,-1.72381687,1.16607499
0.07334598,-0.32609905,-1.66497685,-0.28427251,-2.03012303,2.26724461,0.31235077,0.63805256,-0.85733867,0.15757685
0.91285852,-2.80023486,-1.01697025,0.85078745,1.35985990,-0.64026429,-0.29657478,1.92778162,2.18467444,1.13752301
0.55024700,-1.12476450,-0.06776366,1.24377686,2.46522327,1.47746598,0.21437037,-2.10061792,0.49335466,0.99961849
0.53830337,-1.00184881,-0.74166717,-0.33666462,0.18551954,-3.92401802,-1.69892965,-2.72921022,2.21255031,-0.28397769
-0.88357879,-0.80449267,-2.07337515,-0.31933318,1.19284106,-0.04648316,-2.01524829,1.62862434,-0.46007065,1.72660165
-0.83995262,-0.89377133,-0.86720945,0.97569463,-1.07922765,1.05155871,-2.23418539,-0.99992865,-0.32113302,-0.26747544
1.22852734,1.06282125,-1.59660641,-2.98145443,-0.33551245,1.62974307,0.43471470,-1.23942238,-0.79016280,-1.33976565
0.48913034,-0.04818080,0.86196820,2.06349383,-0.97156464,-0.46063076,0.11077681,2.50601461,-1.45180672,-0.37670260
-0.30602290,0.88074003,-1.10394798,-0.11397293,-2.01074781,-0.69752445,-2.01453734,0.71820389,-2.85982037,-0.80239158
0.86696071,-0.42324863,-0.64565384,-2.25665629,-1.18731750,1.49752213,0.55550423,0.23752117,-1.85994738,-0.60327601
0.43660186,-1.17329180,1.16101394,-0.15186080,0.16105394,-1.19450857,-0.72720405,-0.53988230,1.32493867,0.55751019
1.34625544,-1.96582992,-1.03799712,-0.83399311,-0.93338421,0.00112614,-1.96774333,0.62626620,0.48126208,-0.10333782
-2.21325209,0.33119835,0.30375965,0.02260672,-1.49645565,1.52658222,2.67375363,0.53887350,-1.29056591,-0.30489195
2.03662000,-0.24844039,-0.02938226,-1.68894181,2.97943568,0.63214548,-0.13782695,1.04864182,0.45045133,1.89311144
-1.15512248,-0.51243832,-0.50569941,-0.73268819,-0.97499265,0.80529161,-0.01690342,2.85834622,-0.09297505,0.15774579
-2.05983231,-2.00660978,-1.26883609,-0.69773610,0.30000007,0.82339786,0.82982251,-1.38304781,1.11657280,-2.09938170
1.23128050,-1.65778264,0.68037603,-0.06105555,-1.52208848,-0.19720411,-2.63492985,-1.15907865,1.13192009,-2.48320752
0.10441846,-2.30127091,-0.63121945,-0.81247655,1.87984557,1.49578883,1.88853506,-0.83063606,0.33914165,0.89020983
-0.87425250,0.35515053,-1.29416718,0.48110636,-2.75549828,0.81070322,0.10775487,-0.50975329,-2.38103150,0.21908121
1.25246234,-0.35030790,-1.20742475,-0.44357929,-1.66750654,0.28256668,-0.57416520,0.05395417,-0.80272748,0.27530065
-0.12168409,-1.76027196,-0.19891616,-0.27227631,0.60677324,0.77345303,-2.45104298,0.66859665,0.58670108,-0.14229946
-0.14420068,0.50365948,-0.89580779,-1.06812018,-0.44683151,3.12346337,1.82561271,-0.16976169,-1.04545120,-0.10876850
-0.40793249,-0.01303152,-0.57736957,-0.59752927,-2.33408880,1.23932533,1.78201469,-1.26472563,-1.92914359,0.06247920
-0.05207869,0.03364759,-1.24898974,0.78181101,-0.13191365,0.52999435,-1.19913300,-0.39126703,-0.13013964,-1.23611752
-0.56139378,-0.52632067,-2.26453619,3.91239199,-2.48178412,0.30595132,0.06312127,-1.38039507,-0.12530356,-0.47177962
0.45046287,0.04551559,-0.12670125,0.15151402,-0.65794889,1.14522024,0.11671126,-1.13387821,-1.11406523,-0.36343001
-0.34273800,-1.50856906,-0.23113067,-1.41717329,0.12011940,0.07074946,-0.67999450,-1.81954106,1.72654034,-3.30612581
-0.72497124,0.32098000,-1.50240892,-0.49110353,-1.21764134,-0.82070903,-1.07152060,0.08305072,0.30186572,1.59040127
-0.30332758,0.72070042,0.27301017,0.02752244,-0.45964701,1.52036709,0.27133682,-1.48794510,-2.15394237,-1.01632699
0.32401543,-0.25273282,-0.26719637,0.06006913,-0.88004704,1.25897114,0.40047047,-0.41605510,-1.73704898,-1.24620167
1.27134374,-0.55876409,0.41107873,1.45881078,-1.04917013,-0.37653268,-0.74252034,0.91647107,0.97911076,-1.76189268
-2.17225507,1.91876767,-0.16685591,-1.88566947,-0.09378138,1.56739168,1.08414274,-0.15700503,-0.75283524,1.22865050
0.61587251,-1.28316746,-0.88038750,-0.90656254,0.34314472,1.25705996,0.31396812,1.49828465,-1.61810950,0.65245535
-1.30578060,1.16346499,0.19782738,-0.00015766,-0.52993118,2.14616948,0.38823079,-1.29938739,0.26147807,0.02263542
-0.27810192,-1.09651803,-1.16618805,0.32223237,-1.12235599,-0.31707612,-0.48991242,-1.20856272,0.89869829,-0.68336808
0.00788102,-2.48183140,0.59575867,-0.04453253,-1.68470189,-0.30421935,-0.76767608,-2.04780870,0.87022308,-1.76706532
0.87994005,-0.74378243,-0.40382422,-0.11487120,-0.16730107,-0.56585780,-0.85540535,-1.96244789,0.85495140,0.50311733
2.87697166,-1.11938849,-0.47288800,-0.71956642,0.24329034,-2.29530298,-0.72731228,0.62803672,0.10080178,-0.57703430
0.02729265,-0.26341541,-0.69046388,-1.25007832,-1.72553304,2.98253552,0.93422206,-1.61656809,-0.77793904,0.32560355
0.20420209,-1.58700230,-0.56439660,-0.82512441,-0.29882821,0.64905572,-0.55269525,-0.62685608,0.81668952,-0.01275345
1.68283816,-0.69547852,0.80954411,-1.85755315,-0.42938134,1.63067913,0.04130585,-0.43133615,0.87200375,0.44204208
1.65279775,-1.38940104,-0.44041163,-1.37637657,0.01066702,0.36097930,-1.36385518,-0.12260223,0.55853203,-0.69065672
0.07407011,-0.97144355,0.12615671,-1.71226741,0.42581493,0.23801060,-1.76194557,0.88501337,0.30173799,-0.56543064
-1.43570364,-1.18002446,-0.91979390,0.74372385,1.26767650,-0.18696396,-2.55107514,-0.58599181,-1.08441504,1.13200852
0.95423480,-0.61605107,0.85790822,-0.94887346,-0.78713400,-1.00402677,0.17990583,-3.34269162,0.17364031,-0.63726220
1.94003369,-1.84063154,-0.82980531,1.51928427,0.81357907,-0.49379623,-1.34655541,3.18361453,1.19948907,0.54505590
1.15337126,-1.39901356,-1.48538399,-0.37876968,-0.83364320,0.38436972,0.63390995,1.00451568,0.81582553,0.60593170
1.63868165,-2.12368069,-0.06378387,-0.46653885,-0.85787147,2.82229303,0.71820648,1.11674724,0.16703281,-0.78235259
