-0.91034550,-0.34715151,-0.18465725,-0.65274239,-0.82760577,2.38462480,-0.56676163,-0.27043282,-1.83882568,-1.85009047
0.61826295,-1.59702048,-1.52849052,2.88088379,-0.23438686,-0.37360884,-0.17807986,0.88959924,0.05310166,-0.45852626
1.66529246,0.91623336,-1.71615732,-0.90729816,-0.92411151,2.25964384,-0.09628263,-0.72585084,-0.14638935,1.40058253
1.20664731,-0.93107757,-1.24003200,-0.41433899,-0.08610600,-1.60422673,-0.37280770,-0.53651177,0.75792862,0.55570193
0.85861773,-0.13963087,0.68779986,-0.46377784,-0.89820179,1.03894409,0.25911999,2.44888238,-1.99836347,0.20401592
-1.99014447,0.08278410,0.61761460,-2.05087758,-1.24507985,1.68168531,2.14531145,-2.97923844,-0.95736490,0.80864379
0.66886443,-0.72273134,-0.37501001,-1.37826389,-1.78390362,-0.84277279,-0.09413017,-1.07543289,0.37494891,0.38761759
0.23897181,-2.08240345,0.08161738,-0.73813899,-2.13881683,-0.22986707,-0.04067144,-0.32355932,-0.07249304,-2.01739103
2.21472299,-0.63265034,-0.08039443,-0.89489613,-1.27154058,0.69141218,-1.84728574,-1.39787107,-1.38550518,-0.48493631
-1.38072313,-1.61381894,-2.28282089,1.18122801,0.69112285,-0.08195643,-0.22394551,-0.40360447,1.42995890,0.52320694
0.26047202,0.59808888,-1.77301111,1.50058622,-0.68759829,3.66166172,0.46845115,0.37539320,-2.16660302,0.00071822
-0.99318973,-3.72668613,-0.22445538,-2.45221764,-1.78907455,-0.01877929,-1.65119212,-0.86214030,0.59573921,-0.43168681
0.89335992,0.23786157,-0.63929165,-1.95522119,0.84835744,1.98532453,0.46091943,-0.12516690,-2.30461195,2.40161016
0.68057447,-1.47882244,-2.12341763,1.88901062,0.56401250,0.60137143,-0.10789906,0.42015851,1.34768808,0.75005715
1.22975820,-1.66678441,-1.84321654,2.64268815,1.20113936,0.29758640,-0.00248669,2.23724433,1.61768050,0.16968476
1.17706452,-1.10953817,0.28178120,0.44395535,-0.18903220,0.61281982,0.52763850,-0.52705242,-0.13686532,0.76039310
2.38749370,-1.15361808,0.11269017,-1.45858161,0.35943203,-1.32711827,-0.91369758,0.58710745,0.14950677,0.17551461
-0.69402316,-1.50244637,-1.28003915,1.24677460,1.84638843,1.32382744,1.11882851,-2.73371987,-0.45145052,1.18256663
-1.21486004,0.94299058,-0.61064133,1.81465426,-1.49438861,0.81439329,0.47484258,-1.90224494,-1.54428525,0.28100431
-1.44428748,-1.31465279,1.58225911,0.29973098,-0.60667796,-0.09100501,-0.18347791,0.41581489,0.51599325,-1.96615262
-0.63255108,-0.15687257,-1.15907377,0.44249195,-1.35995916,1.74649037,0.19817745,1.29478395,-0.76028505,-0.55688541
-0.64252512,-3.90731061,-1.88368956,-0.28778947,-0.59360691,0.00652754,-1.21746793,0.32676759,-0.20031719,0.71904399
1.79521286,-0.02714092,0.39469850,0.21567797,-1.85830973,2.69422203,0.78195779,-1.28406929,-2.03727567,-1.14942740
0.39580682,-1.32870475,-1.66660863,1.39269668,-1.27109556,2.46196408,-0.40754755,0.49152068,-0.01102601,0.20088436
1.33945583,-0.56343076,-1.00597936,0.81604851,-0.28967586,1.12870739,2.07687328,-0.45150549,-0.62513036,-2.13265554
-1.87410521,-0.39226429,-1.09201212,-0.09084820,-2.37274309,0.41766018,-1.58796063,-2.27816809,0.71759998,0.81153735
1.50020409,-0.75254028,-1.68461483,2.06450751,-1.87910722,3.42655545,-1.15345526,-0.12894391,-1.30861725,-0.29438898
-1.13693911,-1.55531017,-1.42937392,2.06980055,1.95304282,0.50356879,-0.16921129,-1.04554301,-0.16125363,0.54338456
-0.48795243,-2.00221199,-0.53238980,-0.83891355,0.85793230,0.33447493,-0.83557877,0.75198961,0.06678052,-0.25910382
1.02159592,0.34271217,-0.99206604,-0.04328597,-0.35903765,1.66604733,0.50011689,0.57146644,-2.45169222,-0.22336641
0.40682797,-1.84551065,-0.28317872,-0.45687458,1.92193333,0.46733114,0.03623175,-0.62611178,0.45542846,0.52734146
0.91934162,-3.28370270,-0.17747072,-1.84376662,1.65697525,0.52174173,0.24455985,-0.67627161,1.13939385,0.55559275
-0.68021027,-0.09115837,-1.16154342,-0.06315568,-3.33717855,-0.83152707,-1.68709871,-1.78746309,-1.28454767,0.60808107
1.41292963,0.82313133,-0.25929670,-0.11684522,-0.63959942,1.29876651,0.44191845,-2.25158816,-0.74035519,-0.56766388
0.53521507,-1.50738079,-1.25246419,1.18302584,1.50573457,0.93874517,0.20271384,-2.41544502,3.52806634,2.09472995
2.28819858,-0.21870741,0.12037998,-0.44168519,-0.99719531,2.85687286,1.38798844,1.47795738,-1.15135436,-0.62313952
0.42420956,-0.78895497,0.22968669,-1.63106482,-2.85266282,0.22508673,0.28409714,-5.39114624,1.24816263,-0.11990980
1.07570592,-1.24273584,-0.52964934,0.33557890,-1.34480887,0.60543234,-0.49355445,-0.76798530,0.47446701,0.14429247
0.78361606,1.48221872,-0.22179330,0.57037336,-1.70882172,2.03599162,0.70190204,-1.87996462,-1.20000016,0.70930594
0.84172216,-1.15304828,-0.75281612,0.08145774,2.14279293,0.87665515,0.98725469,-1.63075554,0.94109432,1.31973461
0.86903095,-0.11833417,-1.57645787,0.11680394,-0.46360935,1.86677418,-0.74618226,-1.15711301,-0.42200990,-0.87153389
-1.99352094,1.06557814,0.87506669,0.45230658,-0.93095740,1.83868182,0.33102942,-0.44635463,-1.35359012,-1.13880897
0.38734692,0.47745039,-0.86650001,1.11608041,-2.03642721,1.00578163,-2.93613782,-0.57022622,-2.23527632,0.35466771
2.58947810,-1.53489939,-1.91846833,2.59102915,1.70135939,1.15523933,0.24023007,-0.43882290,-0.14657934,-1.60960931
-0.09373365,-1.36744165,-1.05985859,2.27061641,0.80028085,0.25336733,-0.33116318,0.50612546,0.99037659,0.07443784
1.20987738,-0.11219614,-0.55967147,-0.60695865,-4.13295557,-0.09633117,-0.85208688,-0.92710931,0.21347998,0.54421725
-0.14644266,-0.57821581,-1.20641244,-0.71964077,-0.75525396,2.24926231,0.41664818,-0.40189383,-0.21897870,0.49965338
0.01639695,-2.57823120,0.37439770,-2.81415528,-1.07527974,-0.04110622,-0.32873909,-0.98664384,-0.02569761,-0.46992834
0.22650728,-0.08080121,-0.55851397,1.71371500,0.58726166,2.93589176,0.34247090,0.58537851,-2.53582706,1.26426955
-1.06703230,-1.31247690,0.53107716,0.07481446,-1.63353496,0.18075581,-0.94584934,1.39754233,-0.56054946,-1.10079820
-0.46773449,-2.36369143,-1.01058276,0.86323097,-2.03777887,0.47445685,-1.53672589,-0.91529002,1.45656921,-2.39715177
-1.09800073,-2.12465535,-1.57199022,-1.32885924,1.27821489,-0.31626143,-0.58812919,2.84550000,0.72646568,0.19708090
-0.09815330,-1.39867278,1.30690943,0.99154510,1.41577274,0.00488842,-0.52996047,2.80263577,0.45444384,0.62345315
-0.58589213,0.81154154,-0.07430566,0.41227426,-1.23875751,3.77106846,1.56148933,-1.06327269,-1.62007174,-0.26719110
0.87688846,-0.64956865,0.36842741,-1.43032999,-1.14117849,2.76223895,0.65431854,1.77189153,1.36761080,1.19911236
1.21599594,0.13458543,-0.63254709,-0.88859485,-1.04099904,2.61745049,0.22588257,1.83325631,-0.64795913,0.14559566
-0.08312324,0.25352008,-1.10047414,-2.23084359,0.40662114,1.95381157,0.13250369,-1.56453585,-1.76111055,1.92959963
-1.47138052,-1.42845242,-1.07599235,0.81414657,0.26169910,3.02020520,1.13754116,0.64495990,0.00147390,-2.48203826
0.09283532,-1.88630810,-0.74371376,2.34253804,0.20080706,2.12305784,-0.29034306,-1.14700080,0.67648427,-1.75525871
0.51887356,0.15037837,1.27665067,0.92388699,-1.49509993,0.97014116,0.51021180,-1.29270969,-1.66394618,-0.23966492
0.35528228,0.02172612,-1.11331546,0.11476989,-3.24581955,1.46828051,0.32659408,-1.71241709,-2.47206143,1.12734878
0.58855896,-0.65297712,-0.76289663,-3.16660045,-0.44303082,1.78205714,0.23316884,-2.96472019,-1.49309154,1.01995390
-0.40353833,-0.88258469,-0.18120340,0.97164262,-1.58236520,1.06640232,0.71487515,-0.20925294,0.38393826,-0.80231263
0.93449144,-0.83585934,-0.75075050,-1.40601190,-1.39300285,1.98254074,0.46174285,1.07045935,2.05223051,-0.82542479
1.51970320,-0.96327173,-0.22209456,-0.06743853,-2.30405415,1.03758883,0.95028579,0.79278838,-1.06247860,0.19679581
-0.86974120,-0.37176802,1.53808013,1.34168804,-0.40916607,1.96101067,-1.10439526,-1.82458193,-1.53950963,1.03775521
-0.48790011,-0.59823114,-2.14121362,1.00667024,-0.16745227,2.85693821,0.59284087,0.35723224,-0.09302889,-1.65800040
0.15335143,0.79403502,0.26621471,-1.27383585,-0.03469279,0.54050078,0.10523429,-0.56238822,-0.24218067,-0.71166467
-1.44740220,-1.57799059,-0.55841012,-0.92816985,-0.43186409,2.16570033,1.56517032,0.70584981,-0.43872307,0.38700630
0.71600631,-2.95993342,-0.86864837,1.04568076,1.16481848,-0.47541456,-1.51821116,1.17032024,0.75374507,1.89509033
0.65546928,-1.03678492,-2.09281369,1.94116496,-0.08753349,-0.66492755,-1.71672160,0.59704190,0.31750965,1.31250038
1.26934947,-1.89220142,-2.51820692,-0.33145264,2.18327201,0.55483933,1.37788065,-0.72372156,2.36890397,1.04305508
-0.94078409,-1.02170017,1.33518004,0.11090165,-2.41085573,2.92423445,-0.42947619,0.02399491,1.35518628,-0.57438902
1.06228057,-1.70060614,0.90419463,-0.07958701,0.13822315,0.27852824,-0.26802710,1.50898361,-0.65182867,0.26777464
0.11192647,-2.57122424,0.08108630,-0.98435291,-0.84169951,0.47429715,0.66039500,-1.14085623,0.76375206,2.10819241
0.74631225,-2.48551686,0.16929996,-1.36118224,-0.65588448,-0.00444255,-0.77751128,0.89117955,-0.70019947,0.51789308
1.53003066,-0.91652913,0.51689095,-0.86853690,-0.93492949,-0.89170932,-1.28658510,1.70858194,-1.75245637,1.45950059
-0.33349992,-1.15459455,-0.30796654,-0.94377068,1.26873559,0.61433085,-1.28998129,-1.44202877,1.57785691,1.09677978
-0.82135340,-1.23128959,-1.04878468,0.43857950,-1.32677014,-2.46505269,-0.38419480,-0.12556783,0.96829889,-1.01351247
0.61080202,0.09104369,-1.79902031,1.46266481,-2.82440380,-0.79307269,0.30824826,1.37935642,-1.58847704,0.78353169
-0.01280746,0.34421365,-0.72802772,-2.08254299,1.13931100,3.03070909,2.09243305,-1.30959562,-3.57500552,-1.61169720
1.60589375,-1.55339712,-1.71024225,2.35078525,-1.99053211,0.18821441,-0.89981674,-3.56370616,0.95513048,-0.68795973
0.38270705,-0.50298597,-0.79039484,1.21289739,-0.51287949,0.05914661,-0.40711203,-0.41004107,-0.49736075,0.80661540
-1.49912870,-2.21387518,-1.16792780,0.02257117,1.48016526,0.14761768,-0.12916838,2.16873322,0.01175679,-0.55594047
1.12581583,-0.14380081,-1.17797262,0.91470066,-1.41525164,0.72563611,1.31704694,0.24062772,-0.60266242,-0.14331111
1.84749079,-0.20722207,-1.15800290,-0.94779803,0.07451386,1.07861033,0.47096523,2.47260667,-0.75551704,1.26359864
-1.59696048,0.57303853,-0.37421548,0.09796362,1.25019184,1.28021609,0.98917456,-0.77721359,-3.15935076,-1.75233805
-0.08216969,-0.01986353,-1.52144375,1.75143717,-0.19005271,3.92682115,0.19606924,0.68247474,-0.28370878,-1.25572049
2.34091635,-2.30352709,0.82083383,-1.14337615,0.16952055,-0.21816046,-0.17504812,1.36282915,2.16406859,0.53653940
-2.54193603,0.75985337,-0.13132688,0.93343998,-0.99241328,1.68944122,-0.11281088,0.97967787,-0.97980644,-0.31750690
0.33806383,-2.16778593,0.19478864,-0.39673599,0.90506347,0.17241073,-0.77642357,-2.83277178,0.85767105,1.66734609
3.32332444,1.15327257,-0.79160584,0.73462657,-0.87267947,2.73569632,1.11001470,-0.27593323,-3.74472214,-0.42278537
0.66527381,-0.48699566,-2.05195722,0.78564732,-1.73753713,-0.35868322,-0.05345441,0.21264937,-1.35844221,-0.50592655
1.09572933,1.40505291,0.60334720,-1.42810952,-0.72467717,1.77140797,-0.70328289,1.11116496,-1.88932899,1.95124697
-0.08786667,-0.75676649,-0.58556782,-0.15606847,-1.14662117,3.54655180,0.34363560,1.70371595,0.03122192,0.58757956
-0.81496414,-1.05541941,1.52588586,1.75719394,-1.13915161,-0.52482375,-1.29931233,0.79547492,-0.60592001,-0.21511475
0.26750637,0.09970467,-1.89670923,-0.69917858,0.29943924,2.15439795,1.02428877,-0.14553594,-2.08708248,1.21562866
1.66332400,0.31500872,0.48393571,0.94675303,-0.95628777,1.82543457,-0.33051248,-1.24199280,-2.10578503,-0.39433545
-0.20677787,-0.48499238,-1.64279663,2.46828779,-2.39126320,1.10463957,0.45875924,-0.34728748,0.46680288,0.05069457
0.00707889,-1.34137491,-0.12600401,0.06813201,1.41612132,-0.79563019,-0.02095046,-2.68048875,2.00945505,0.36634331
1.03452664,-0.21506000,-0.33066248,0.50754076,-1.44683837,3.28324492,0.79270667,0.04169880,-0.48059251,0.96922393
0.19255269,-1.08884735,-2.37749446,1.06423695,0.88622440,-1.34987168,-0.38232220,2.46448331,1.27337656,-1.31736823
1.35495003,0.62220364,0.08392227,-0.90125347,1.92528357,2.44185697,1.23495128,0.58824736,-2.70532681,3.18516472
-0.11714436,-1.86485042,-1.21748878,-0.34794414,0.22651672,1.75138187,0.37282161,0.53493450,0.07603423,0.46827260
0.27046326,-3.74832283,-1.52171292,0.25418133,0.68740056,-0.37861721,-0.94025581,0.65740128,1.39455267,0.82895513
0.27861520,-1.66818905,1.80276185,0.92527170,-0.76566657,2.50133244,1.44793189,-1.78341590,1.22505567,-1.54801196
1.13265795,-0.55703212,-1.56107486,2.71899305,-0.26696866,1.06130193,1.01586208,-0.25881684,-0.48192099,-1.08204546
0.03579588,-2.02682818,0.34998445,-0.90306604,-0.41742365,0.55583363,-0.13201670,2.82775751,-1.51124733,-0.35286555
-0.70336222,0.19588645,0.63150604,-0.41322921,-1.70496109,1.34350967,-1.32852816,0.17457029,-1.42267732,-0.57462087
-1.59519664,-1.16681012,0.71643842,0.66322036,-0.70160272,-0.06508946,-0.94393101,1.91059275,-0.30745955,-1.30213970
1.55235894,-0.73030789,-0.77463502,3.24291620,-0.90137245,-0.76877397,-0.57067478,1.25003150,-0.28427201,-1.30383983
-0.17273072,-0.24472038,-0.16088498,-1.72776748,-2.00369168,1.57326076,-1.29129417,-0.55367969,-0.80107724,0.61400368
-0.84714652,0.88439155,-0.40547087,-2.57125116,-0.45750398,1.81023829,-0.32801807,0.60834738,-2.72197218,-0.93068393
-2.00109331,2.25631989,1.75841633,0.76093551,-0.76352254,0.60822596,0.34308148,-0.16006226,-0.57061643,-0.83027978
-0.74154927,0.49796398,-0.75193701,-1.61454578,-1.08788714,2.37491543,1.36356351,-2.32180885,-1.34801405,0.59054488
-0.46061736,0.28683057,1.30663947,-0.23153838,-3.29257480,0.79808776,1.64983832,-0.77092470,-2.29693603,-0.08975162
1.88810507,0.61239777,0.83594300,-1.70845065,-0.92406431,1.87115681,0.41953673,-0.92927678,-2.08541946,0.91834748
1.92581431,-1.93348222,-2.72098053,0.45398508,0.87624121,-0.38362236,-0.20753377,-2.42540742,0.01035148,1.63475022
-0.11546574,1.15625154,-2.11724670,-0.21608996,1.37075350,-1.60031929,-1.46848874,0.51334344,-1.27048752,-0.66930067
-0.59474749,-2.09353734,-0.90557494,1.17632482,0.13852208,2.16638964,1.10197584,-0.77114001,0.38363371,1.86577679
-0.32196018,-0.94440506,-0.24743401,-2.61560188,-0.59534802,0.13511074,0.79543592,-0.82559466,2.69393862,-0.43477096
-0.33863985,1.11438425,-0.11491529,-0.97565198,-0.52716263,1.99428156,1.71196642,1.08219019,-0.68829244,1.05015309
-0.26515152,-1.33881796,-1.18852070,1.50268162,-0.82122790,0.53455267,-0.74534336,-0.04250959,-0.75542591,-0.15913791
2.49966262,-0.96216067,-0.57345527,-1.08766241,-0.86199131,2.01043444,0.77423074,1.97006757,-1.02793725,-0.57646246
-1.19187061,-0.15273894,0.68780923,-1.98054632,1.83860778,0.81690802,0.90792392,-0.81705933,-2.03061157,1.69744253
1.10135376,0.18469387,-1.46662808,-0.38958286,-0.39039205,2.04514563,0.44036479,1.24607480,-0.73820993,-0.94492598
-1.12935618,-0.66579219,-0.70356275,-1.28648913,1.11613935,0.48339665,-0.12765984,2.53734820,-0.21830893,-2.07668192
3.13106823,-1.35814363,-0.44083089,1.29246387,0.31273431,-0.13318257,-0.77675496,-0.60255450,0.93812868,1.28289436
0.14775027,-2.09910351,-1.83485467,-1.43210909,-2.27196707,0.39644270,-0.14511989,1.65131650,1.28809754,-1.16319510
-0.31483933,-1.86843359,-1.30430233,0.86935159,0.16788082,1.45320874,-0.04543596,-0.01701496,0.05680887,0.54904420
-0.45438871,0.30632381,-1.20200342,-0.95154705,1.41828866,-0.47769184,-0.12960798,-0.66432333,-1.83646838,2.66120955
1.78083937,-1.14612615,0.30004740,-1.87231288,-1.06646370,2.55395816,0.43228302,-0.37571987,1.90019277,-0.30801170
1.00284090,-2.10647951,-0.52712059,-1.66018110,0.82697697,-0.64618753,0.17466640,-1.37302335,0.57560401,-0.20885348
-0.00983883,-1.38560930,-1.11215723,1.03538911,-1.47094723,0.92219478,-0.02264132,0.64652714,1.66490850,-0.39769879
-0.56790204,0.82891646,-0.44742715,-0.28862475,-2.95125432,-1.00632316,-1.03725385,-1.30666316,-2.31503761,0.58652927
-3.25985368,-0.99217300,1.34333110,0.19674600,0.00425339,2.77214506,0.12008745,-0.98706185,-0.60025200,-0.03195357
-0.11391843,0.45180445,-0.46059646,-0.25103875,-2.36928360,0.72372111,-0.91974823,-2.82512928,-0.18250931,0.94901590
-1.43042906,-1.56622018,-1.80471538,3.47023724,-1.91419130,-0.02718916,0.02645255,-1.38583947,0.94527558,-1.21822113
0.35440628,-0.61984226,-0.72784829,0.61521101,2.20005525,2.97795728,0.10217685,-0.11758161,1.22134856,1.48619110
1.22876550,0.27108310,0.99796013,2.07242468,-0.42014477,1.33050737,0.51191120,0.60208589,-1.26816251,-1.43683068
0.68576684,-0.32551581,0.50675832,-0.55655106,-0.78336535,1.34735322,2.03611178,0.05779969,-0.59151773,-0.67606744
-0.05648079,-2.88231549,0.79660272,-1.30826933,-1.43232687,0.40974677,-1.71283407,-2.20097238,-0.04108772,-1.22169180
1.39485163,-0.64493318,-1.45075477,-0.35756812,-0.39487633,0.90974580,-0.41528123,2.01097777,0.83577429,0.72974947
1.82854474,1.45121589,-0.48414109,-0.87091573,-2.54984858,1.45031678,0.76874407,2.08652548,-2.35270884,0.22818738
0.44100804,-0.60443354,0.18055292,-0.17258610,-1.52732681,-0.04271571,-0.36336877,1.22443064,-0.73933445,-1.38748522
0.85200635,0.37468607,-0.91669580,1.46109283,-0.38277309,-0.79392237,-1.40893624,-1.28409128,-2.35495347,0.70427644
1.78211272,1.67747899,-2.16112618,-1.66740137,-1.84967242,2.50657514,1.11068995,-0.69253706,-0.00416459,0.36618690
-1.20098173,0.06423196,-1.70370628,0.82809031,-0.44410016,3.21538334,2.34986563,-0.48143997,0.37663954,-1.06956484
0.00186854,-1.22428741,-1.32396037,1.12253346,0.63051517,0.66482308,0.50020843,1.34815142,0.72212967,0.60390886
0.98988812,-1.40815721,0.14413293,0.05092113,0.06314656,-0.57607108,0.55830306,-0.64026333,-0.39965832,0.06012840
0.87624085,0.13549977,-0.69868973,-0.06301589,-3.97610114,1.65123130,-1.95743257,-1.25616614,-2.11146801,0.09810291
-0.76730791,1.97108452,-0.73804806,1.12755142,-1.66547677,1.47109183,0.55345877,-1.31266121,1.38452153,-0.54131586
0.53432013,-3.05516546,0.22156807,-2.37821972,-0.45419632,3.67474937,0.78509768,2.90709057,0.67909967,1.05849302
-2.34581228,-0.76936192,-2.03516903,0.93633453,1.54655907,1.71556525,-0.46799073,-0.89981476,0.73803835,1.30706226
-3.00327535,-0.80446516,-1.48975478,2.11061053,0.57609563,3.24269876,0.34108379,0.96705351,-0.11583538,-1.91721383
-1.96082558,-2.05000074,-1.52028318,1.44718446,1.77142129,2.94838986,2.04039991,-0.63603985,2.27742145,0.65474480
0.95390994,-0.28133169,-1.77993726,0.86168954,-1.09054298,-0.89188533,-0.02905152,-1.03095574,-0.50772419,0.02642792
1.07347654,-0.85621526,-0.67239109,1.19447498,-1.33465727,1.05058637,1.70164121,1.83340405,0.81766575,-0.95932358
0.84251360,-0.07053902,1.20042611,-0.74251467,-1.76885934,3.78065750,0.21310576,1.40771308,-1.48183442,0.49803534
1.53261846,-1.21939700,-1.48587563,1.84086490,1.45313263,0.66915210,0.23943028,0.96178265,0.15265656,0.70558506
1.76228166,-0.75716403,-0.98342765,0.72275405,-1.83959202,0.88898781,1.71121087,-1.30441475,-2.18039766,-0.64418348
2.33615586,-0.82941663,0.07520644,-1.52209015,-1.00060699,-0.39484536,-1.14371656,-0.41003662,-1.64286801,-0.77303715
-0.42634609,0.53219234,-1.34083951,1.44035171,0.65694030,-0.37778055,-0.71954847,-3.96915506,-2.75626279,0.90787875
-0.80469866,0.60715978,0.99254167,0.16938693,0.27647202,0.44995126,-0.60243184,-0.96283042,-3.26734970,-0.02275158
1.12842699,-0.65540674,2.05171269,1.95979808,-4.12219375,0.54202950,-1.30275301,-0.32117593,-0.05581421,-0.47422005
-1.80916578,-0.18079844,1.11953739,0.39879548,-1.07345455,0.03426781,-1.54915862,0.48679622,1.80613300,-0.57893636
-2.39306653,-1.92406839,-0.74466428,-0.19178119,0.38716605,2.66840245,1.09030664,-1.98256435,1.59960199,-0.27535152
2.65271131,0.52622336,-0.61759424,0.84683104,3.16821824,1.98669397,0.84784219,-1.62449235,0.06350411,-1.46051876
-0.22806365,-2.74111501,-0.34522985,-0.84377646,-1.43276517,0.33824714,-0.92180899,1.98261016,0.59802910,0.41297992
2.71658280,-1.53367361,1.37966508,-1.14211485,-1.61119053,-0.35326497,-0.57704784,0.59747294,1.41878482,-0.51567108
-0.88148589,-0.58353315,0.30228652,-1.81135308,-1.94156892,-1.72199083,-1.42699809,1.02607574,-0.34369220,-0.18095199
1.18515174,0.81559249,0.51156188,-1.44557598,-2.25723251,1.85578415,1.09218988,0.28040829,-4.70368449,0.35148296
1.71378337,-1.78079552,0.29103701,-0.00823353,-3.35644041,0.02704519,-1.69721046,-1.76985362,1.32323478,-0.68031700
-1.95619472,0.57146526,0.27844574,0.06200876,-2.95928606,2.24958291,0.48734119,-1.32793174,-0.17149677,0.57282700
0.65144159,-1.23959693,0.66660898,-0.76575648,1.49938561,-0.68737856,-0.95972583,-0.50032986,-0.77660014,1.00509377
0.53449039,-2.27732053,-0.23681085,0.87905764,-0.59559129,0.08331002,-0.89345849,-2.66754909,1.59150549,0.54100331
-0.66248836,0.09096287,-2.28915999,0.63136269,-2.10697618,0.40682824,0.12908009,1.65382166,-0.91047378,0.23024175
0.83522258,0.36842453,0.12881749,-0.56731752,-1.43038821,1.36339505,-0.25849773,2.80284324,-1.90636918,-0.16680617
2.33191849,-1.82310942,0.34224963,1.13897026,2.84922468,0.62709273,-1.43477740,2.52287998,-1.37586151,1.76949733
-1.07152707,-2.42485656,1.36218445,-0.76870346,-1.03222106,0.66965867,-0.02876891,1.41796737,1.98603678,0.29069251
1.95813402,1.48261215,-0.50931324,-0.39710376,0.08685401,1.07745386,0.05898212,-0.53491327,-0.07407567,-1.25339294
-1.01162951,-1.90595052,-0.34166582,0.68497863,0.07858563,-0.03078313,-0.30131776,-1.18570293,-0.39323546,-1.05513633
-0.30446078,1.34046145,0.00196844,0.96953145,-1.16633892,1.61105472,1.20862742,0.24979602,-1.59653366,-0.46034475
-0.38658215,-0.22007320,1.05388419,-1.31687986,-1.71674823,-2.25647195,-2.23512229,-0.07930433,0.29024263,-0.71272064
1.88628034,1.69731599,-0.46031223,-0.92631542,-0.18910919,0.96444732,-0.49357303,0.97665678,-1.25887003,-1.04878637
-0.19251305,0.41634795,0.18628965,-1.10511408,-2.62151667,-0.54126772,-0.67536468,1.36009376,-0.65598135,0.48722824
0.50427511,0.30811992,0.81463885,-2.31759775,2.01589095,1.50808878,2.53828547,-0.95316452,-2.13509669,1.81176484
0.65277431,-0.61508104,-0.91120751,0.41876065,-1.89380537,0.87640142,-1.24740017,-1.13911098,0.95552709,-0.84174251
-0.75122229,-1.20505328,-1.09592430,0.56012965,-2.56732074,3.58505712,1.35402487,-0.49642289,1.55077071,0.01132487
-0.18891300,-2.45020402,1.60978675,-0.31792605,-0.16196104,-0.83806839,-0.55687968,1.79660884,-0.15657011,0.03199495
0.34424812,0.45789807,0.03900793,-0.03870200,-0.97403063,2.17592375,1.78890650,1.20033575,-2.77164382,1.16241376
-0.17012031,-0.47295641,0.12175983,-2.03840510,-0.72526896,1.70297040,0.20761452,-0.99010926,-0.11950833,-0.18477131
1.11807848,-0.75014368,-0.03524910,2.23943049,-1.04652549,2.47929511,1.25245232,2.46309859,1.27883401,-0.86081126
1.38371579,-1.80738451,1.12309455,-1.93467672,-0.79824861,-1.08472747,-1.38708599,1.57667705,1.40714653,-1.14534265
2.42561993,-1.47153266,0.37524558,-1.13234600,-1.09998804,2.70678203,1.36424922,1.06718730,1.59118223,-0.49199059
-0.03608906,-1.39493564,-0.78142297,-0.33600854,1.18152329,-0.88096029,0.28406951,3.15890379,0.83635957,-0.26251889
0.62526267,-1.46067066,0.24452996,-1.67163910,0.89698693,0.07429035,0.06695278,-1.69297024,2.29579687,-0.48232567
1.42058906,-1.42508621,-0.32083548,0.42439788,-0.67162978,0.50590914,-0.30924618,-1.75163748,0.54588855,-1.60885731
-2.09338755,-3.22265648,-0.50197981,-1.47291461,-0.79853321,0.65228329,0.41763591,1.04527634,0.65630119,-0.34242964
1.51483909,-0.72780138,-2.37895543,1.88745770,0.94167881,-0.87238677,-1.15155088,0.30625813,1.33886785,0.00000819
-0.24192190,-1.84734878,-1.24717602,-0.76804422,1.05570128,-0.56134721,-0.57914931,-1.16212137,1.43311590,0.03863423
0.61026718,1.25194563,-0.42016357,-0.16280281,-0.99366142,0.68559105,1.32276829,-0.51550474,-0.10105521,-0.16189553
1.50406945,1.11685406,0.63212147,-1.25110666,-1.54791320,2.63899812,1.82512418,3.18490858,0.28610709,1.11267725
0.57512830,0.66120221,-0.13061865,-1.70781747,-2.20269114,1.17382002,-0.17072051,-0.16396316,-3.08355541,0.56874819
-0.79990351,-0.54981362,-0.59916222,-0.69536707,0.13573858,2.00996150,0.57730582,-1.29435057,0.45618383,-1.17182965
1.12157928,0.36261226,-0.82726241,0.77873550,-0.84810610,2.60588457,0.94544388,-0.90510092,-0.30497232,-0.67808617
-1.17269211,-1.79363146,-1.60373847,0.10012841,1.08507358,1.26420353,0.43121251,1.41753248,2.25769882,1.23290801
0.63647185,-0.52051566,-0.62657521,-0.91675476,-0.95829354,-1.17923638,-1.09367352,-1.34005122,-1.08510028,-0.27385929
-0.31588920,1.14373475,-0.58471085,0.10806967,-0.17941021,2.31141689,1.29887721,-0.24795901,-0.90844542,0.33369820
-0.31394006,-1.33147030,-0.72679664,0.98888520,1.77097810,-1.23890973,-1.24438269,-0.80589134,1.17003858,0.45803048
1.81225203,0.45247638,-0.70979531,-1.65092532,2.56214672,-1.41223576,-1.21975519,1.29831368,-0.86764193,-0.99920990
-0.09030210,-2.81078781,-0.00002583,0.19774139,1.21007708,0.56373028,1.43667340,-0.97341914,1.55653179,-0.23797925
0.14660675,-1.13433926,1.22114025,0.49985698,-0.83241289,0.20278740,-1.39668534,-0.83668377,1.11075869,-1.39810332
-1.22373898,-0.51776680,0.53737013,-1.92950834,-1.14577012,4.00936706,0.39919883,2.60006868,0.61915778,0.68231032
-0.74647224,-1.20107329,-0.21791942,-0.45551854,0.98430143,1.84071576,1.29504931,-2.39399994,0.11287898,0.39206275
0.96022681,-0.32817206,-0.27731289,-2.02621279,-1.23589874,0.83574133,1.43348390,0.13843413,-2.97440909,-0.09079827
0.75981073,-0.71162816,0.48093398,-2.28127376,-0.14172146,-0.74142886,-0.94271885,-0.13353940,-1.11804338,1.45726390
0.06114035,-0.98423411,-0.79574418,0.15994049,-1.64300642,0.23415992,0.71480476,1.91067270,0.13803023,-0.92041520
-0.06674857,0.50464951,-2.34892920,2.45247260,-2.19421709,1.86257775,0.31384579,-1.51542763,-1.03855654,0.42773851
1.06643902,0.57455089,-0.77027871,-0.39993556,-0.57358514,1.53191622,0.56436571,0.96982728,-1.76342296,0.13496349
0.53315012,-1.24021041,0.74643764,-1.61837298,-1.23662514,1.88828844,0.10311791,1.33706114,0.63748230,-0.54279195
-0.20500351,0.45250111,1.06852081,1.82592774,-0.08175242,2.48434315,0.64729332,1.31713860,-1.12149263,-1.72258087
0.68504956,-0.22341605,-0.94757303,-0.03102592,-1.47956389,0.21066502,-0.00541127,-0.62087551,0.65433058,-0.84355453
0.85353495,-0.64210280,-0.22455312,-2.17607979,-2.05001641,1.44832117,-0.51208779,0.63205362,0.86544138,-0.38356752
0.68331048,1.71026594,-0.47791041,-1.76121542,-0.56273749,1.59490108,-0.52081276,1.25778764,0.85667748,-0.98796415
-0.71091308,0.66029982,-1.20774024,0.56273596,0.95892729,2.69678132,1.26666692,1.48481317,-1.72723356,1.68519384
1.46715508,1.06978118,0.90137958,-1.29594747,-0.50866766,1.88493467,0.98111157,-0.03418464,0.29149955,0.43809779
0.05270765,-1.32981933,-0.16675357,0.70964082,2.24002795,0.22658355,-0.13470565,-1.02243501,0.85837553,1.35845468
0.12388231,-1.94489451,-2.18886608,0.66813448,-2.06832032,-0.62082362,-1.76834633,-1.25414552,2.03022132,-1.06992376
-0.61277946,-1.60501082,0.25651814,0.81850233,-0.58009047,0.74024788,-1.06819219,-0.47379674,1.07551335,-1.34005707
0.17816944,-2.63520915,-0.28846644,-1.01700079,-0.04907098,0.56805077,-0.29848410,-1.74940529,-0.14274430,-0.19947304
-0.20751191,-0.19926296,1.66627481,-1.74406307,-1.03532659,1.12962708,-0.22690683,1.93219970,-1.68257845,0.90477902
0.32348150,-0.64182102,0.95905126,-1.30779517,-3.06940013,1.23393432,0.12881869,0.67985363,1.57078755,0.15594219
0.90927406,-2.00701092,0.68083572,0.22306332,2.36274488,1.10989948,0.31602603,-4.06467073,0.13543582,-0.00977677
-0.53315732,-2.21181868,-1.38070695,3.76479257,2.01580907,0.16425796,-0.29688498,-0.26814935,-0.03695670,1.63890122
0.76703549,-0.69786255,0.60518065,0.16359375,-1.46714861,1.89993800,1.78768427,0.11818688,-0.15058880,0.13017180
-0.63859149,-1.67107011,-0.31139822,-1.02400491,1.03916013,0.14233590,0.10311782,-0.76016036,0.19322212,0.27960858
-0.08015825,-1.48094950,-4.26333647,2.03811483,0.48771382,-0.30949790,-0.76138880,-1.97226740,1.39062747,-1.83895284
-0.68887183,-0.13161488,-0.81734723,0.19065079,0.11536710,2.05432396,0.93117134,-0.93879793,0.02593195,-0.69778651
-0.58539035,0.24841664,0.78699374,0.51448804,0.38948801,1.35705217,0.28583351,1.17391597,-2.10694342,-0.26778676
0.75761512,-0.80377392,0.44932319,-1.08973856,1.44914333,2.03957619,0.75169869,0.56458608,1.35217634,1.61683913
-0.55199177,0.80086376,0.71676042,-0.80458114,-1.81161156,1.39831218,-1.98127608,-1.92189725,-0.75353164,-0.07315332
1.23001562,-2.56361333,0.19580185,-0.26297309,3.09274652,0.53098832,-1.59564564,-0.54597803,-0.24306074,1.51714478
0.26006930,-2.73462666,-1.34139250,-0.70180071,0.01709920,-0.25886957,-1.40031992,-0.37744799,-0.61269239,-0.82240456
0.86594714,-0.28091094,-0.79881422,-1.46260993,-1.04012575,2.64335634,-0.71987066,-0.93402875,0.04027882,0.40188875
-0.31810097,-1.53488141,0.35172751,-0.30089311,-0.28276900,3.60926014,0.85908256,1.71601272,0.36886325,-0.04703586
1.16264009,0.84543914,-1.32508238,-0.50352516,-0.91085478,2.04674277,-0.00681361,0.14863587,-1.80946387,-0.03227506
0.82181919,-0.68898277,0.32716569,-0.93361159,-2.10164884,-0.19731457,-0.33213991,1.52698404,-2.00923875,0.09055191
0.16447271,-0.64195449,-0.47809416,0.30069630,-0.60211532,1.97607210,1.29858084,1.02240296,1.41920376,0.97766966
-0.67780296,-2.74190985,0.53078942,-1.61237100,1.64975335,0.11299953,-0.91510158,-0.29854506,1.10892885,1.53678764
-2.27461105,-2.32514264,-0.00625955,-0.12657734,0.41381419,1.82553692,-0.00051581,-1.23322452,2.15759155,-0.67071020
0.15402001,-0.10978479,-0.20319240,-0.98070872,-1.70391560,0.78086594,0.67425731,0.87278822,-1.00107343,-0.31308126
-0.32284308,-0.75636476,-1.00621680,-0.40192868,0.92429652,0.71052272,0.21575765,0.27300686,-1.88160432,1.09557943
0.41647675,-0.00776547,-0.76435192,-1.13585726,-1.82712801,1.78488487,-0.47506272,-0.39147684,-3.72812112,0.91500325
2.08989542,-1.66285626,1.20986440,-1.42295733,2.03544915,1.33217847,-0.27757018,-2.04487205,0.02107673,1.55413378
1.26271850,-2.48854177,-1.02584842,0.53035053,-1.32689737,0.42023988,-0.38409190,-0.44632538,-0.30064737,0.21472561
-0.17419773,-0.29293079,-0.22262750,-0.52828150,-0.89385196,1.60232019,0.20786017,-1.67299945,-2.18712624,-0.00652932
0.01467950,-1.01138572,-1.26155232,1.18220579,-1.03291448,0.78547559,-0.22835593,-0.19579511,2.13519947,-0.88862023
0.47467010,-1.54291419,1.58554905,-0.26101856,3.03370399,0.77691271,-0.42021937,-1.83993728,1.37908775,0.83217123
-1.26969488,0.04961191,0.11586565,1.50211209,-3.76563799,-1.86417784,-1.58463903,0.93026335,-1.50970720,-0.04932507
1.06496665,-1.02739962,-0.27002660,1.15850177,0.45659965,-0.92792349,-0.64775375,-0.53014460,1.22137333,0.30505505
-0.51748670,0.08893672,0.82504864,1.52516529,-1.59436127,1.98251100,1.95930192,-1.80629244,-1.75683750,-0.83152796
-0.34730475,-1.93542174,0.48392212,-0.95143905,-0.39225059,0.77914430,0.63384426,-1.55436178,0.53121082,-1.32977567
1.06679962,-0.86379712,0.11354204,-1.26154585,-2.84769922,0.26944915,-0.33501513,-0.37952210,0.38381462,0.02010908
0.83807841,-1.25527516,-2.00268071,1.37785165,0.41990599,1.25452200,-0.52867706,1.34850426,-0.21825999,0.28636443
0.99517042,0.96528612,-1.19433574,-0.63377994,-0.96931894,1.88687337,-0.13562747,-1.29239984,-0.73299333,0.01229219
-0.03836027,1.11579237,0.69519414,-0.53487967,-0.66593620,0.45785687,-1.77232976,0.53702613,-0.82414897,0.13167051
-1.17361178,-1.26557259,0.04490170,-0.85606270,-0.59855961,0.69444191,1.26415342,-0.97773020,0.10060476,-0.10486656
0.03085441,-0.09885102,0.01685163,-0.42964207,-2.41494353,3.97771890,0.97349598,-0.14167349,-0.16614932,-0.27880803
-0.61272094,-0.84661237,-0.69423772,0.99981440,1.43161364,-0.42065819,-1.02219650,-2.17573772,0.77521101,1.29311607
-0.24075908,2.60518863,-1.34917479,1.13327257,-1.00660233,1.64577990,-0.04460835,0.22226845,-1.66781366,2.63259995
1.95751271,0.06553318,-0.21716855,0.56252362,-1.06133568,2.36264383,-0.24342247,0.19846230,-0.96674595,-0.51790802
-1.24733866,-0.79203485,0.08072037,1.19916473,-2.61722539,2.31869787,0.79435559,2.10564770,2.23414413,0.32553990
-0.49441633,1.06573414,-0.92383534,-0.82053646,-3.42973881,-2.06869998,-1.49958248,0.13428967,1.18912457,-0.12316950
0.01169154,-1.71827860,0.16951857,-2.77930533,-1.08208544,0.20721121,-0.58787951,-0.06269026,0.04355525,-0.04979888
0.48902102,-0.96897666,-0.87279788,-0.18875517,2.20403681,0.57986261,0.53763707,0.95680347,-0.02809599,1.13759305
-0.39841533,-0.64520751,-2.11230137,2.93618007,-0.73134935,1.48916920,0.24013109,-1.36690954,-0.81344108,-0.96659610
-1.61079348,-1.16462953,-0.73908136,-0.87248181,-1.34598123,-0.48481173,-0.28778676,-0.72553926,1.74235360,-0.18118402
2.83801757,-1.06516300,-1.37741670,-1.41888000,-0.32377139,-0.86289441,-1.16255530,0.60811316,0.05986918,1.05064590
-1.12021373,-1.73344776,-0.11517936,-0.83956289,1.62620826,0.75233853,-0.63663687,-1.46763871,2.00821538,-0.60294041
1.47601693,-1.61551081,-0.45732536,-0.66620152,0.47518676,-0.03743600,-1.11388880,-1.45307359,0.33662514,0.57476314
0.88471044,-3.08945765,0.68286683,-0.50637286,0.63024355,0.43453906,-0.64769657,-1.53612835,-0.08555819,-1.36871488
0.52923763,-0.43600991,-0.71422005,-0.84302555,-2.14263674,2.99510018,-0.04835358,-1.10507038,-1.37682661,-0.99060168
1.49617778,-0.74511002,-0.94936908,0.13979725,0.16079058,1.13606186,1.41204649,-0.38327710,-1.10763792,1.15928987
-1.43021982,-2.00253626,-0.98655430,1.32183115,0.44379119,0.92330838,0.62536365,-1.38085049,0.51837535,0.14561344
1.17650497,-0.98379758,-0.84554480,-0.23741624,-0.67484799,2.62500797,-0.40119201,1.63673169,1.97268584,-0.36872262
-1.43964605,-2.01507315,-0.53381356,0.22624553,1.57238106,-0.44939904,-1.18957180,-0.98350327,2.08645375,0.52534414
-0.98825001,-0.56605242,-0.05802666,0.18042189,-2.23159805,-0.68806510,-1.03416157,-0.53675616,0.36586575,0.40951589
-0.64181790,0.72026059,1.16007932,2.91214390,2.33781913,-0.11236069,-0.47713256,2.35129894,-2.26293882,-1.60064586
-0.12407573,-0.53606870,-0.07088953,1.62388480,-1.60117500,1.45825801,1.05716378,-0.48253837,-0.99588366,-1.34743949
1.83461425,-1.61009533,-1.74182007,-1.12186228,0.40792970,-0.54948003,-0.86277866,0.68054646,1.20669877,0.51549552
1.23114271,-0.46809827,1.21940813,0.27619487,-0.66938608,-2.12176250,-1.32675083,-0.13759108,-0.02057421,0.47772566
-0.02549806,-1.91225232,-1.44442824,-0.76298563,-0.13046466,0.10353455,0.67684260,0.25767654,-1.08023790,-0.36880541
-0.22359754,-1.66969464,-1.86548025,1.61556525,1.85531981,2.49511801,1.14768447,0.78650488,0.27894560,0.07971131
0.84605447,-0.14564895,-1.82824778,-0.86329710,-1.87963327,1.97211364,0.29321543,0.75411183,-2.57094579,0.53173077
0.46232333,-0.69242584,-0.30590537,-1.62472230,-1.95094593,0.11876133,-1.39428999,-0.64212968,-0.91053510,0.23273649
-1.39530452,-0.77286097,-0.99270622,-0.15772108,-0.00860211,1.99277579,0.98350447,-0.49893969,-0.06075847,-2.30548368
1.11050336,-0.34633599,-1.12278537,1.64372303,0.58271714,-1.18212731,-0.58198857,0.34575268,-2.02886028,-1.29071481
-1.48912967,-1.28556941,-0.85211054,-0.07769398,-0.66094132,0.44262705,0.59092643,-0.07258337,0.51139562,-1.25829424
-0.51934706,-0.58912928,-0.23906451,-1.31901167,-0.42511313,2.27781681,0.18287745,-0.17662135,-0.15848245,-0.51156522
0.25859892,-0.78480583,-0.12265654,-2.15228144,0.24512277,-0.11751455,-0.94365371,1.97760423,-0.03995493,0.58892330
0.73386303,-1.03137251,-3.65055286,3.05529966,-2.12509433,1.15016551,-1.37337816,-2.35281405,-0.25336157,-1.48626510
1.50631309,1.07582178,1.25952788,-2.66955845,-1.12413207,1.79587192,0.14878335,0.94630370,-0.68487266,0.35614577
0.34483915,-2.67620417,0.20478937,-1.62108258,-1.24724890,0.20290051,0.77962318,-0.81483312,-0.97943809,-1.33683243
0.50749324,-0.79107154,0.89213098,-0.43773357,-1.05731051,1.11005978,0.02387974,0.07865820,1.43259699,-0.86703424
-2.08197414,-1.42900784,0.64908843,-0.45963406,1.71692510,-0.07425931,-1.43342836,-1.91901608,1.33994199,1.69854648
-1.00323107,-1.99814045,-1.37176458,0.88023140,0.92206403,0.06983611,0.89812075,0.90735720,0.74981842,-0.85651856
1.62780861,-0.21481970,-0.58576817,-1.58031233,-2.74814147,1.90679399,0.93469032,2.27107175,-0.64194198,0.08123800
0.26591818,-1.97873747,-1.13779501,1.28085532,0.83057130,0.46255248,-0.24600329,-1.65283345,-0.06917114,0.44014581
0.19848251,-1.36173515,-0.88871294,2.35442428,0.48752393,0.51341948,1.49169127,0.14624080,1.35751712,-1.30080436
-0.20130158,-1.19611423,-1.88836309,1.37455543,2.10752731,0.70326118,-1.41900614,-0.95551282,1.74323948,1.35329635
-0.62306277,-0.32555854,-0.60104534,-0.10769087,1.21386035,3.65592451,1.67481253,-1.53844801,-1.06313628,-1.97534927
-1.46852791,-0.21930413,-0.59531405,-0.72752154,-2.49897654,-0.83450428,-0.15964559,-2.58196792,-1.80789985,0.76727812
-1.75876093,-1.04938678,-2.07776687,2.72250079,0.65433791,-0.61041392,-0.95558304,-1.55698633,0.66756922,-0.09304193
-0.17909272,-1.45051758,1.84423572,2.74325326,-0.26377173,1.91763212,0.35138743,0.16424688,-0.40279064,-0.31193022
-1.49100006,-2.65978797,-1.39902372,-0.41238048,-0.13086830,-0.00605622,0.09707663,0.14340047,1.42770761,0.28608336
-0.46195236,0.09317953,-0.11887450,-3.02538082,0.65596154,-0.13660163,-1.20679743,-1.13906993,-1.93607743,1.44686959
0.86862054,-1.29766182,1.20422555,-0.97722798,-1.07359694,-0.83342275,-0.70160803,-1.28923322,2.13072908,-0.19744214
-0.58705979,-2.00793244,-1.47246595,0.60998197,1.45850662,0.61834901,1.57342989,1.66947173,0.68634461,0.50493128
-0.53171630,-2.44424591,0.79271235,-1.94381951,2.26333208,-0.23592161,-0.63186911,2.06896600,-1.42480991,0.67137471
1.55272434,0.21843605,0.07672375,-1.26037555,-2.20200200,0.61000149,0.98418671,3.17580209,-0.78590561,0.43735002
0.60231625,-0.07363114,-0.32954770,-0.81503356,-3.16472146,0.35800811,-2.78483275,1.50108255,-1.45240189,0.51066547
1.17581771,-1.43457004,-1.12365122,0.04163082,0.62812675,-0.60674325,-0.22564308,-2.44628385,1.50790346,0.05473058
2.22041119,-0.23904459,0.48460296,-0.24334169,0.46359481,1.08620360,-0.00487707,1.01727420,-0.13441121,1.78252694
-1.20949225,0.23905067,-1.47539002,0.11802193,-0.06834690,1.64627489,0.50405948,0.30194725,-0.33108367,-0.30575252
1.39283372,-1.29856470,0.70461589,0.08262866,-1.12498666,3.48553904,1.10595973,2.53425952,0.16493039,-0.52870275
0.51901661,-1.02796687,0.39684476,0.60948088,2.34322210,2.70587329,1.05268614,0.54621168,0.39187466,1.15099672
1.39556770,-1.38731545,-0.84010599,0.64646872,-0.48796420,-0.32767344,0.07306703,0.46666077,1.65308317,-0.90114532
0.59277942,0.17759917,1.69079642,1.17457745,-2.51445591,1.92765556,1.30777942,-1.09885829,-1.99907199,0.21034842
-0.52804398,-0.74593764,-1.89964019,-0.38498434,-0.45881208,1.05126258,0.99313175,2.28510856,0.63913850,-2.05259823
0.33008885,-0.08532440,0.55558867,-1.27575372,-2.34212513,2.31387860,1.26995701,2.53891404,-0.69753297,-0.34123718
1.38480780,-3.28745999,-0.14201093,-0.00637820,-0.28423356,0.16051985,-2.29713294,-0.57117055,-0.33879558,1.96132888
0.37897989,-2.39189146,-2.36358803,-0.72302863,1.04819062,-0.11841344,0.41803417,-2.22002472,0.51408354,-1.01048594
1.70708491,-0.56943650,0.15314848,-1.17305054,0.73074519,1.02895477,1.46002380,0.38943271,-1.69716880,1.39640593
2.23008461,-2.25503582,2.10716300,-0.30721587,2.84493822,0.17712578,-1.27303166,2.47059141,-0.85533711,1.22457811
-0.09581755,-0.55234483,-1.62906600,2.69283240,1.25010875,-1.51893890,-0.67597122,-1.51724902,0.42165113,0.38262868
-1.24535701,-1.23258492,-1.02390128,1.99131737,1.88163459,1.19180686,0.57620173,-0.73955645,-0.70438947,1.85803637
0.40787537,-1.70905919,1.07365542,-1.22946354,2.15169022,-0.41462515,-1.07944260,-1.35371814,0.64187898,0.64293439
-1.73818473,-0.83711064,-2.09532009,2.02774424,-2.49043156,-0.64084628,-0.51884074,-0.74851158,1.70562010,0.16044034
-1.13742801,-2.77836982,0.55939820,-2.02648170,-0.90962996,0.35581122,0.81332045,-0.21819250,0.07665975,-0.86260129
-3.26777591,-0.92602165,-0.44042940,-0.26548685,-3.02346538,3.37115354,0.59459327,-0.21477910,-0.49194405,0.10987186
2.26473834,-1.76175042,-0.98443843,1.47551379,2.46745284,-0.68661359,-0.78543563,-0.11721255,1.08062141,0.48186040
1.48958866,-0.68976285,1.44355083,0.43926346,-0.30573866,1.02014311,0.52387243,-1.33327492,-0.64436932,-1.35426697
-0.44214718,-1.10189085,-0.07440253,0.56899666,2.11155746,2.37813693,0.76727506,-0.75931390,-0.29950807,0.65875378
0.66352886,-0.48770497,1.11098613,-1.09284718,-2.37637216,1.33201317,0.59200976,1.42645487,-0.19227767,0.74594959
1.38705554,0.10704047,1.41122658,1.91050688,-1.12704895,3.69040474,2.32680006,-1.83960170,-0.32941992,-0.90569058
0.79078111,-1.19182606,-0.61425343,0.91157590,-0.32101139,0.13121517,-0.57724439,-2.20749520,0.33383890,1.50084704
-0.36332464,-2.66264318,0.27405877,-1.87650941,-1.86406465,-2.70403383,-1.09163220,-3.02389220,0.43524783,-1.40392920
-0.50836185,-0.84951678,1.06392476,0.18466585,-1.30141891,0.88843384,-2.06543785,-1.56758525,0.11518631,0.38330982
0.03008572,0.79815262,-0.34410466,-0.18844245,-1.10546821,0.79121942,-0.71253555,-1.00536115,-2.17617637,0.72601193
-0.01254245,-2.42846975,1.09028419,0.70231722,2.38752266,-0.58938695,-0.48920538,1.50092214,0.51557833,0.34633417
0.04760548,-0.36337403,-1.06835919,-1.79483736,1.77350866,1.46689219,-0.50824671,0.38295790,-0.88292974,1.08122361
-2.43348131,-0.79766324,-0.69727949,1.67329340,0.94353394,0.22733086,1.89519722,0.22699464,-0.52454390,0.58722360
-1.78630531,-1.50650459,1.09027658,0.02912674,-1.28514635,-1.14178931,-0.34983918,-0.23156546,1.64631025,-0.11834940
0.65649505,-2.29731991,-1.00342622,-1.38582319,1.39753676,-2.02936423,-1.61466050,-1.27895834,-0.55955002,0.36025559
0.00651245,-1.16730161,-0.77421913,0.76666689,-0.90743997,1.01269721,1.20596953,1.04784283,0.93662132,-0.70987468
3.23388114,-1.46045693,-0.17295996,1.87595249,0.90412123,-1.55030900,-1.13442112,-1.06894244,1.47185404,1.11518156
0.72720489,-1.02789659,-1.45014416,1.16051549,-1.54124030,0.31181368,-0.46571344,-2.54193457,1.08320674,-1.39708601
-0.39867458,-3.37517570,0.49627792,-2.82320605,-0.13649306,-0.25331227,-0.09716172,0.99560651,-0.86627231,-0.32924336
-0.01301300,-1.27284214,-1.72697947,2.31663851,-0.07200475,0.85192598,-0.13491305,-0.12432505,0.58812575,-1.87862900
-1.02608654,-0.52294357,0.39656027,-1.28164632,-3.78365923,2.25752565,1.58973014,-1.73790792,0.91200367,-0.38921655
1.74630860,-2.16232515,-0.80135666,-0.05332272,2.65087404,0.24579181,-0.45520985,-0.28902018,-1.66628226,0.25113086
-1.41826621,-2.93603380,0.05934975,1.91226405,0.07631889,0.36850674,-1.15340674,-0.29725397,0.99416954,1.22294884
-0.88455202,0.59140675,-1.55030593,0.56116569,-0.15222546,0.40293524,-0.30738149,-0.94998688,-4.53796555,-0.99626742
1.05066839,-0.22487028,-0.58653599,-0.29582664,-2.16002335,2.94906239,1.09018111,0.02066359,-0.60852824,0.31642654
1.03306198,-0.33255590,-1.23269366,1.68677639,-1.72508789,-0.97017970,-0.08977381,1.40001772,-1.59876766,-1.37328982
-0.04952609,2.13023823,-0.33747143,-0.49037026,-0.67940855,1.78005593,0.15583664,0.11144758,-0.63542804,-0.23322700
0.78152750,-0.76994257,-2.40786660,1.20159975,-2.36694567,1.05185568,0.22430152,-1.16015800,0.49121594,-0.65389389
0.21495477,-0.54694035,-1.47463319,-0.00949304,0.11990868,1.74351485,0.97766562,0.56620496,-1.85229490,0.94185779
2.17539701,0.36352453,-1.03770695,1.60136846,-1.87372959,1.33747988,0.24874333,-1.27180541,-1.86817703,0.32570220
3.05540376,-3.01780095,1.48242331,-1.03247592,-1.44807254,-0.40925983,-0.79866627,-1.25277433,1.02761689,-1.62722949
-0.10082345,-0.72338792,-2.71204451,-0.78001830,-2.22852109,-0.87176607,-0.21690179,-0.61604125,1.39822263,0.67342536
0.52020841,-1.48645470,-2.30543580,2.37569692,-0.10987843,0.73263466,0.52086758,1.54345086,2.36560159,-0.98971906
0.60188031,-0.99445302,-0.08347629,0.56263986,-1.09462809,-0.99398308,-1.96807160,-0.31376316,-1.42225792,0.12538301
1.32826395,0.83628996,1.05820901,1.05123224,-0.35352164,1.83640533,1.89754626,0.10465766,-3.67003777,-1.46638159
0.86823000,0.60727748,-1.76262190,0.31090981,-2.36155666,2.23417957,1.57058299,-1.63215431,-0.49217300,0.83704727
1.32592488,-2.11206469,0.37767594,-2.24447621,-0.11853794,-0.56419481,0.42804785,-1.09034175,-0.03476704,-0.63908273
-1.08974353,-2.28141273,-1.07433272,-0.99204978,0.21076087,0.67903380,-0.02129569,-0.19471284,1.41470818,-1.29820562
0.40018114,-1.72030712,0.34845758,-1.52476504,1.77513917,2.72387472,-0.47069714,3.20881619,0.79083717,-1.18404506
1.02833741,-0.76818403,-1.45180418,1.99226162,0.36694274,0.33891875,-1.41081390,-3.01240328,1.26960916,-0.88541617
1.70654403,-0.63321862,-0.56524354,0.97702665,1.33039389,1.82647872,0.97385287,-0.12838828,-1.05244646,-1.59168804
0.50404467,-0.31756954,1.46091932,2.26235075,-1.73239508,2.01310578,0.17925218,0.42323854,-1.20323884,-0.10011492
0.81130913,-0.36049828,0.40322129,-0.23715024,-1.89929270,2.05451025,0.33967405,-0.25869045,-1.40909273,-0.50085691
-0.18802962,-2.05602735,0.20525336,-0.91950866,-3.30700225,0.96256408,0.70248589,-0.76926783,-0.16991135,-1.43241577
-2.16750349,0.31185749,-1.64520386,0.75499676,0.06855247,2.62836684,0.71432370,-2.04979011,-1.73700090,-1.16945283
2.36078760,-0.56272199,-0.41595475,-2.51523843,-0.51590955,-0.84280222,0.21270936,0.44284165,-1.32810411,-0.38396281
-0.90972688,-1.19265089,-1.44955242,2.96375394,0.00735314,1.61357533,1.07818629,-0.83808436,0.94619975,-1.48433981
1.43873565,-0.47752666,-0.96728557,-1.58881836,-0.81425720,1.11735065,0.67053654,-0.36260530,-2.85016273,-0.59132808
2.25665365,-0.79704475,0.30102481,-0.44415027,-1.53300157,2.32712865,1.06885158,2.49136718,1.49491159,-0.18063698
-0.83881901,0.25251282,-0.86687590,-0.36732050,-2.37504337,2.70740497,-0.39150607,-1.14878020,-3.01061299,0.28123713
0.03430916,-2.23959772,-1.05098439,-0.63768507,-1.24771674,0.47569603,0.56819793,-1.43083166,-1.33045125,-0.44742363
2.13920686,-2.03079387,0.80445719,-2.32262921,-1.14077427,1.19346427,0.92973752,-1.18183513,2.78023866,-0.42096895
1.32940100,-0.56461927,-1.15563050,0.75860923,1.10798828,1.34473381,1.96403823,0.92167682,-0.06983106,1.66463180
-0.24003124,0.46691664,-0.43060264,-0.48854344,0.14043732,1.24713334,1.95281556,-1.81571166,-1.70323139,1.48824290
-1.15973952,-0.38646023,-0.14605352,-1.55231443,-3.04893635,2.01460965,1.72476724,-1.70510871,-0.20710996,0.40347592
-2.65805911,2.22174728,0.33103598,1.80829573,0.25166427,2.52100656,1.22184576,0.24284786,0.55330244,-0.78102835
1.38396215,-0.43484356,-0.27805402,-1.07582470,-0.56158887,2.77436438,1.84544308,1.15935432,-2.07791348,0.84340012
0.89758831,-0.46769152,-0.80703257,-1.14761305,-0.84186661,3.58123550,0.69740776,0.30386544,-1.32234857,0.19557376
-0.05337743,0.03021063,1.12590548,-0.58938388,-1.52196251,0.10346654,1.54725220,-2.33543214,0.85205567,0.98698042
-0.17368392,-0.84663807,-0.58816244,1.33731795,-1.34447850,1.33566144,-0.30466711,0.75309175,-0.58043907,-1.26512866
-0.61629292,-0.83715166,-0.77418972,1.03352675,-1.72813982,-0.52252209,-0.68742811,-1.30567210,-1.10499963,-0.47617798
0.95360627,-1.96873457,-2.61364024,0.75221170,-0.25448313,0.32968604,0.61583827,-0.05582889,1.43980345,-0.57005208
0.24559921,-1.59570995,-0.98097429,-0.27423052,-0.29170325,0.86902525,-0.25510568,2.66015400,1.69662633,-0.33459456
-0.27568372,-1.50048720,-0.22953834,1.04990790,1.44808519,-0.77241878,-0.52239556,-3.94563657,2.16596765,0.87203315
0.23967208,-0.66911184,0.91293947,-0.78584846,-2.59221121,-1.50548637,-0.64034355,-0.51847852,-1.49987501,-0.15952362
-1.18848171,-2.08981288,-1.34005878,0.27769700,0.37199830,0.89247760,0.70031280,-0.41286910,1.15933636,-0.44644113
1.52955276,-0.77989301,0.15692009,-1.46350766,0.26962434,0.93843647,-0.59019230,0.79151407,-1.46284979,0.50746628
-0.28871092,1.14700306,-0.44514167,-0.74502347,-0.35214486,1.66517790,0.01799762,-0.52476535,-0.75195418,0.75902648
0.20916805,-1.76633814,1.04527079,-1.92225530,-0.80200515,3.41406102,0.94414236,-0.64331476,2.01990016,-0.21764250
0.53081968,-1.18392984,0.90682316,-0.25795854,-1.45722542,1.38509889,0.99474610,0.76776453,0.86568938,-1.22978958
1.62578544,1.55737975,-1.01482933,2.80644684,1.10815156,1.68911873,0.67184582,0.41806208,-0.75405803,-2.18950266
0.14864798,1.92275398,-1.50366409,0.70144594,1.59192807,1.90395543,0.02247135,-0.64763686,0.86143108,-1.17423972
-1.44241170,-1.83260603,-1.22983798,0.75461721,1.33359126,0.16194164,0.52672141,-1.15012760,0.18152671,0.85414723
3.11528958,-0.13118387,-0.43675044,-1.23350941,-2.73393925,1.78588580,1.07739523,-1.20711702,-0.31973161,0.21165642
-1.00017640,-0.89808446,-0.05505648,0.80179076,-1.52301081,0.68483846,0.83787492,0.06307919,0.35300070,-0.95293563
-0.45437697,-0.94040645,-0.17397471,-0.64564157,-1.13202281,0.25794971,0.60878230,-0.93266243,0.38881599,-1.31317544
1.84396865,-0.09252420,-0.68241862,0.56940803,-0.64273632,-0.80405864,-1.01293548,-0.09210388,-0.21222255,-0.71714247
2.66736941,-0.48117077,0.25852100,0.28073809,-0.08284338,-1.68511737,-0.92117846,-0.67881103,-0.10595603,1.41517645
-2.22188751,0.87153868,-0.63170054,0.56721527,1.53972340,1.67668048,-0.73817529,-0.42286760,-2.24311249,1.69968313
-2.22815790,0.24779694,-0.61379620,-0.52885953,1.27205559,-0.04698717,0.15327323,0.80342469,-3.24741336,-1.04935442
-1.54861201,-2.49403764,-1.29212908,-0.39903819,0.41958799,0.59031585,-0.63271206,0.76182453,1.91636131,0.58461565
0.61135942,-0.27410362,-0.32743475,0.10260152,-2.47558229,2.20345825,0.21591451,0.15482090,-0.05887889,0.49392844
2.02416072,-0.47121979,2.55421416,-0.37886692,-0.81143700,-0.47408264,-0.52774027,0.36613880,-1.91141213,-0.99527956
-0.77745907,-3.31394399,0.74375967,-0.33923988,-1.06009265,0.21841817,0.25399507,0.51563887,0.57484009,-0.44320602
-1.31732788,-0.14064054,-1.53374665,-0.28159923,-0.74070301,2.51748431,0.22072728,-0.97101922,-1.89148028,1.18332969
0.31047769,-0.77295749,-1.09102405,0.41398018,-0.46591645,0.46799019,-0.15631004,-0.51098407,1.27643572,0.30044090
0.42814479,-3.08952448,-0.22747162,0.59470482,-1.06332210,0.79967632,-0.48403664,-0.59406058,1.01380005,0.42268560
-1.53705485,-1.02117034,-0.84692018,1.55981855,0.53013401,1.93866103,0.19540051,0.01617630,0.07415975,1.16371067
-0.70868076,-0.92054827,-0.22005005,-1.89253932,0.52495642,-0.46792202,-0.53122601,-2.57728239,1.04171477,-0.69565570
-2.61358798,-3.31559328,-2.31768142,0.62226997,0.37444457,3.11941509,1.35051767,-1.07141165,0.46909091,0.84095172
-0.82612207,0.28410079,1.90666733,2.11720603,0.79841804,1.34493095,0.80086505,-0.98683430,-1.20706762,-0.39351304
0.69055717,0.43764317,-0.16791133,0.40589554,-2.23010157,2.62566135,-0.47472959,-2.35010521,-2.10269911,-0.04144262
1.10730000,-1.26251231,0.09770561,-1.79582203,-0.45009254,-0.34049594,0.33956590,-2.84491400,0.53754905,-0.84939322
-0.05505077,0.57760946,-0.22546296,-0.83225410,-0.77415028,2.14427963,0.74166433,-1.56539765,-1.57698987,-0.68110679
0.83934673,1.04093662,0.78836904,-3.45951527,-0.47604046,2.12724988,0.85220344,1.08247850,-0.32410067,1.25726170
-0.00036497,-1.53716652,-1.59815025,0.96279703,2.26829179,0.27795380,-1.31735177,-2.31338502,2.58226298,1.86205045
-0.22400068,-3.81177545,0.33540221,-1.72878748,-0.18246597,0.79735087,0.01468043,-1.39841553,-0.84873518,-0.06707161
1.00938048,0.13369715,-0.45970791,-0.20691430,-0.37280109,2.23722903,0.32560422,0.87553812,0.39596168,-0.40273410
-0.38589690,-0.69533485,-1.79692582,0.98889182,-2.59756898,0.14852710,-1.33643463,-1.48236723,-0.31024959,-0.27490386
-0.56082033,-0.21521246,0.07839530,0.01990801,-2.26856839,-1.77474550,-0.11739844,1.05408544,-0.28408828,0.68887166
0.88091544,-3.04139115,-0.76297802,-1.40255729,-1.93505915,-0.00399432,-1.40188347,-0.38727116,0.01736369,0.16660578
0.97936846,-0.34165490,-1.57385334,2.05900829,0.02274553,1.44159682,1.04610343,0.87631306,-3.11606779,-1.03696720
-0.31060410,-2.96957170,-1.93630777,-1.37734785,-1.88206483,-0.38794797,-0.56261139,2.52292655,0.10398777,-0.83958925
1.86765380,-0.02712902,2.51231523,2.96809243,-3.35975112,1.14569573,-1.92438167,0.29164098,-0.53596810,-0.04680603
-0.95008071,-0.50423658,-0.64384799,-0.40492583,-2.69106976,2.18624917,0.84887926,0.06087220,-1.41278929,-0.33476724
-2.02955012,-0.23975588,-1.31226457,-0.59781639,0.88463058,2.60614616,1.40526150,2.37288388,-0.80968438,1.34738509
-1.02011048,-1.27557967,0.21018315,-0.11490147,-3.09042585,-0.03942182,0.29015275,0.70781331,1.21610520,-0.24580048
-2.24136605,-2.00065789,-2.15739958,0.41596855,0.54945226,2.82201205,0.15727314,0.39530108,1.02325488,0.09810001
-2.02604748,-1.38930879,-0.80979163,-0.04661866,0.89765857,2.54867675,1.11719268,-0.25307378,0.35436841,0.66510732
0.05745585,0.55368962,0.58334125,-0.08482626,-0.83804765,1.81718642,0.06954585,0.83452920,-3.23666461,-0.61257278
-0.25003897,-2.00220216,-0.95650642,1.12589493,0.77350659,-0.34121543,-1.23232317,1.05479117,-0.76242152,-0.94076487
-1.49105900,0.81575687,-1.62687874,-0.36724863,-2.03660504,-1.42678157,-2.59416769,1.92860744,-2.89531217,0.77761617
0.99090808,-1.57092678,-0.98978512,0.49109166,0.54820195,0.77142451,-0.10881690,-1.05644903,1.12214802,0.34527719
2.06896480,0.03218208,-0.42211567,0.75364252,-1.44873807,3.27952707,1.20443600,-1.02176879,-1.17686971,-0.38239933
2.15981989,-0.12548196,-0.00737842,-0.86104038,-0.97952593,2.37985702,1.70332560,1.41691665,0.22388996,1.33931310
-0.83799219,-0.58942489,-0.31602555,0.38424381,-0.10759413,1.29677131,0.81667700,-2.45791387,-0.05307644,-0.70429783
-0.21186327,-1.19868120,-0.58198994,1.73955643,0.55859310,-0.40783613,0.40765653,-0.66647478,1.41171664,-1.60897714
-1.24238796,2.37718536,-0.33664605,-0.22181951,0.84650735,4.21099793,0.98690016,-0.51224743,0.76268497,-1.14684915
0.75632101,-0.78399823,2.62089722,1.10962561,-2.86612135,1.43099784,0.36408003,1.66570617,0.15006682,-0.24303360
-0.43011028,-0.43980433,1.68062766,1.62638445,0.78659192,-0.71298734,-0.22645086,2.71250519,-0.84844288,-0.44060375
0.59096388,-1.02231557,1.37490129,-0.78382763,-1.34124868,-0.54725535,-0.30989186,-0.21922755,-0.21113901,-0.61168572
1.58168386,-1.27626552,-1.19242784,0.98063955,0.78081820,1.05761863,0.06480921,0.30925903,1.11416445,0.57182518
1.02685106,-0.73148843,-1.26065596,-0.87938420,-1.39730945,2.48466204,-0.02105900,0.47124554,-1.30379966,0.41926963
1.76737147,0.13421473,0.23674485,-0.32241170,-3.29657065,1.05260872,0.39281956,-0.36892117,0.89877457,0.41022834
0.75007239,-0.78436983,-0.82132336,0.48563764,0.72464838,-1.76345595,-0.75654336,-0.09933510,0.42737855,0.93925897
1.57599514,-2.77927278,-0.70239188,-3.11246754,-0.42403919,0.69484854,1.00215181,-0.85014040,-0.48153854,0.71940393
-2.01899346,0.42507567,-0.67139602,2.02182718,-3.09312732,2.47901370,1.16819993,-2.52513779,-0.73160037,0.38216216
0.06456346,0.57530509,-1.23060834,1.37349758,-2.89311164,2.47008702,0.91825583,1.07981972,-0.81178059,0.79096783
0.87430208,0.17732309,0.53415045,1.25221316,-0.62766841,3.21749518,1.50138076,0.10096234,-2.60335890,-0.52917229
-3.22772026,-0.89774841,0.49955941,1.59778550,0.33035159,3.14374420,0.87581581,0.36755154,0.64970665,-1.27951483
-1.01204776,-2.81423865,0.61207486,-2.87767352,1.10448149,-0.66094735,-0.73611913,1.02886684,0.60367047,0.27713729
1.00577098,0.88291696,1.37401952,-1.53126763,-0.22107498,1.70462420,0.91179535,-0.48719387,-1.56825247,0.64532304
2.52911151,-0.19675385,-1.58203841,1.71723836,-1.15268132,-0.31631537,-0.15887725,1.78501324,-0.83104099,-0.58706875
1.68683926,0.87578225,0.99445799,-2.24510809,-4.90371994,-1.30455783,-0.76104319,1.10220377,-2.03440909,0.51927891
-0.55049496,-2.09710393,-0.83827014,-0.45182467,1.33040006,0.53517420,2.23151625,-0.41726790,2.06612767,-0.15969808
-0.62532899,-1.35578484,-1.50982806,1.11126952,1.64294478,-0.65935224,-0.67548536,-1.53690560,-1.16358254,2.24622221
-1.09076268,0.37910260,-1.11781947,0.05129549,-2.19055208,-0.84022737,-0.34668590,-1.15126285,-2.43083362,-0.00622679
-0.32942820,-0.65924055,1.07331783,2.51493842,0.24100560,1.37285691,1.16639163,-0.97643769,0.46076007,-0.41160149
-0.10573075,-1.28044284,-1.28398102,1.11487541,1.19055791,0.35563164,1.12235998,-0.45497638,1.00981843,0.59455650
0.34552110,-0.18061941,-0.41660252,0.28275125,-1.05076725,-2.17514321,-0.62528043,-0.11613722,-2.58591243,0.66193563
-1.16831007,-2.94440122,-1.36552875,-0.60600558,-0.53821330,-0.10792201,0.64785986,1.58834425,1.25704554,0.61517788
-0.64131566,0.48401220,-2.63102778,1.77978165,-1.96619383,2.93555327,0.13414652,-0.37701550,-1.53055886,-0.74856775
0.18160054,-0.34741040,-1.56991343,2.04207855,-0.19065401,0.86275444,0.74685060,0.90633108,-0.43443464,-1.38270386
1.21145847,0.27270160,-0.12202703,-0.61585923,-0.10834606,1.94261299,-1.40829704,-0.59651263,-3.31244479,-0.87469810
1.78162535,-0.15404361,-1.06350099,-1.62830389,-1.88263865,1.06136890,-1.49586100,-0.18327816,0.24131445,-0.22243855
1.46023314,-2.22533741,0.21249333,0.06992486,-0.04914124,1.18805706,-0.86242949,-2.32584696,0.57374396,-1.21028767
-0.16850972,-1.02237902,0.40082589,-0.29723338,-1.19195155,0.69146814,-0.19356563,-1.12775379,0.64676293,0.68288048
0.73278872,-2.67508577,-3.00830898,-0.45518727,0.77702238,0.40944730,-2.15727778,-0.43394532,-1.34855214,0.35056201
-2.03985642,-0.95531035,-0.57003500,0.13142535,0.77338514,0.58385265,-0.03374465,2.24348290,-0.74793854,1.09060448
0.08335095,-2.87107696,1.08191036,0.26436446,-0.34363147,0.84951251,1.05508088,-1.09288351,-0.72232125,1.38388772
0.52611102,-0.08631589,0.95811983,0.51261854,-1.90395703,2.75533588,1.72588765,1.94539507,-2.34368545,-0.09802735
0.78938346,-1.44473644,0.27173576,-1.31571234,-0.16568901,0.88408948,-1.32290655,-1.84624207,1.02266436,0.52910433
3.44102452,-0.69395437,0.56071028,-0.19451254,1.84960686,2.39435848,0.47137050,1.13254226,0.51297411,0.77738955
0.04488723,-1.86397127,1.61419366,-1.29946939,0.53479196,1.02714226,0.15362027,0.98807318,0.65185844,-0.97807767
-0.10515174,0.40197889,-0.32922613,-1.90082571,-0.87083704,1.25524114,-0.34998784,0.45835204,-2.34065598,-0.69920773
-0.18490341,-1.63200726,-1.80084194,2.06811430,-0.17787798,1.39525459,0.26731865,-0.51089781,1.61898930,0.42029880
-0.38306318,-1.59613821,0.23605924,-0.51493892,-0.15510006,-0.08049629,0.17244666,-1.08529030,1.47907066,-1.23015902
2.14546847,-0.56176139,0.12714194,-0.08988025,-2.42390282,-1.39646927,-0.68854105,-1.45710047,-2.33545968,0.43689323
0.97042880,-0.64216064,-0.22593290,-2.16574027,-0.95616719,2.18183434,1.43469231,-1.10961474,0.32889005,0.02866808
1.72474707,0.41401229,-1.55999009,2.68157044,-0.33520594,-0.75408107,-0.79007492,-0.33408307,-2.48894516,-0.67685434
-0.12773074,-0.55804913,-2.41853115,0.57059399,-0.22076859,1.66843609,1.01112412,1.44938864,-1.04166706,2.41330815
0.84688719,0.39595408,-1.57919082,1.42740197,-3.08598845,1.36025909,0.91610413,1.16644632,-0.57954833,0.54175242
0.75006104,-0.24591861,-0.24850065,-2.78583902,2.14025039,1.57774997,0.68911302,-0.57681549,-0.31633198,1.34900391
0.66569302,-2.62514269,0.60505051,0.19756174,1.55970617,1.00204789,0.08677823,-3.57922389,0.47023522,1.16291250
0.31160441,0.68641701,-1.39294201,1.17132731,-1.24443083,-1.41861402,-1.44767782,-0.37686407,-3.31990833,-0.17834509
2.44929503,0.51573986,0.70367266,0.09807260,-0.98391607,1.13811662,0.36884695,1.20762485,-2.57771779,-0.07576894
