-0.74892630,-1.61985923,0.64719220,-1.36685165,-0.26105260,1.46080120,1.02057098,2.30402926,1.19673052,-0.07266510
0.48181106,-3.64212607,-0.86758755,-1.43311824,0.33741941,0.06603649,-0.21937101,-0.93892795,1.05378664,0.07732268
-0.79803530,-2.57004772,-1.89600890,-0.95568440,1.50215730,0.50725012,0.81267569,-1.63481388,1.85890120,1.03159534
-1.44549106,0.40820752,-1.36151245,0.76476623,1.14037957,0.70721787,0.19484314,-0.91355686,-1.85702380,-0.72835851
-0.87467046,-1.66186613,-1.34691308,-0.49038351,1.78588635,0.67183342,-1.19783364,-0.62895599,1.69476321,0.48131497
-1.97815620,-2.17168026,-0.80713096,0.18403505,-1.97758258,0.11998163,0.05349818,-0.05775356,-0.05952524,-0.68578836
1.43696534,-1.38735305,-0.82290070,2.27801354,-0.04989742,1.56651472,0.28594733,0.62481621,0.63576882,0.29452717
0.51812954,0.11211833,-1.09030860,0.70773048,-0.07273284,0.70348830,-0.30952336,0.30887025,-1.17530163,-0.52230021
-0.52477116,-1.71827705,-3.50984238,-1.00309983,1.97400270,0.18844294,0.17741041,0.18134527,0.91908942,0.92861797
-0.19144031,-1.71149441,-0.67700991,1.10043831,1.20506911,0.81909257,0.05942442,-0.72092517,0.49329383,0.03208858
-0.96537017,-0.86084404,-1.55749118,1.95494600,-2.48586581,-0.18687977,-0.45050840,1.13507313,0.05680335,0.91918780
-0.12849574,-1.02276468,-0.25488046,1.60706309,-1.36216599,-1.12220219,-0.45991809,0.75103704,0.06084375,-2.21713718
-0.33465198,-1.99621653,0.48333882,0.35563016,-1.74467178,0.94734134,-0.73930238,0.03103300,0.98694333,0.05603619
-0.36746333,0.59062728,-0.49618203,0.19954713,-1.09924552,1.90221281,0.85243491,-0.33683013,-2.34517190,-0.00867612
0.43440325,0.53724764,-0.53879613,-2.36552908,-0.69217945,1.54919911,0.08633816,2.24533359,-2.44025167,-1.04590521
-0.20285920,-1.34293543,-0.98747157,-0.04365704,-2.92175539,-0.15080238,-0.66576378,-0.51162960,2.09385615,0.51493513
-0.25086943,-3.62532337,-2.30054278,-0.85748574,-0.25237686,0.32350085,0.20523747,3.04132288,0.20328758,-0.22567218
-1.56842665,-0.48843826,-0.72188551,1.03052971,-1.73091132,1.85485860,-1.02873357,0.03819038,0.63127683,1.01746819
0.26618452,-0.28418274,-0.48621444,-1.50580981,-1.61260687,-0.61193435,-1.25881875,-0.28256885,-2.81342367,-1.16263661
0.29595774,-0.50583425,-1.17895255,2.28577763,-1.08530806,-0.00948206,-0.59997925,0.50674238,-0.62051256,-1.01131029
0.39893029,-2.20718861,0.01681296,-0.28563764,1.12709603,0.51573062,-1.18026307,1.23309341,-0.44525302,0.82928507
0.12578461,1.74952135,-0.09114088,0.73231856,-0.73779512,1.38157497,0.37319099,-3.45746272,0.56996274,-0.00883205
1.75998485,-1.39357297,0.51311558,-0.34345893,-0.81718545,1.21239993,0.97449689,1.24414313,1.45126036,-0.97594753
0.35044988,-2.81868874,-0.37677763,-1.68308352,0.74668399,0.05931771,-1.29985251,0.27887242,0.32058466,-0.76135803
1.10607031,-3.12105608,0.06361381,0.23830658,-1.99591961,0.50601264,0.08745283,-0.27970285,0.14181263,0.08160388
0.41312621,-0.16081365,-0.08479838,-0.30435840,-0.85233293,1.97527431,0.69005420,-0.11896879,-1.67423163,-0.19949739
2.42999799,-1.16599552,-0.89193843,0.14450954,-1.51017180,2.29832407,0.00802245,0.80412409,-0.05920550,-1.20065753
0.74665447,-0.89919160,-0.57675398,2.08301491,0.40414726,1.16135328,0.30896714,-0.84918268,1.72602220,0.77822490
-0.95738998,0.03258454,-1.60189299,0.36898936,1.17440299,1.66527727,0.25671839,1.03130918,-2.65925318,-1.33577514
0.84119903,0.16870633,-0.87770156,-0.55220323,1.95064612,2.16358762,1.14967159,2.44816609,-1.60096798,-1.46463926
0.61580828,-0.88446308,-1.87936117,2.19281118,-1.93344109,-0.29848174,-1.18348784,0.32891546,-0.71456990,-0.28037629
0.78720967,-0.35463720,-2.05319294,3.45667609,-1.60162371,2.64800564,0.79932518,-1.46531494,-2.08976773,0.23820583
0.88563153,-1.97125694,-0.07890619,-0.54064054,0.39602894,0.88569580,-2.98298361,1.27839460,1.01116157,-0.17893381
1.50114931,-0.31273810,-0.76372618,-0.17070787,-1.72382636,-0.37411832,-1.00674293,1.14668517,-0.83407586,0.72364707
-0.76879074,-1.38575000,1.24908318,-1.28374378,-0.78821009,0.11409638,-0.62444265,1.28991120,1.21726112,-2.17111955
0.27373803,0.47835579,-1.34206831,1.01952707,-2.34967492,1.17692205,-0.00081119,-3.35336125,-4.09795269,0.95504325
1.00569978,-1.17099117,-1.71042159,1.20488270,0.51178579,1.17368293,0.11515977,-0.73630165,-1.72757371,-0.20702366
0.15373766,-1.19571843,-1.80931186,0.65284995,-0.96782464,1.13864994,-1.27686701,-1.57074176,0.47711941,-0.79682961
-0.07804114,-1.43787769,0.72220177,-1.80523030,-1.55027824,-0.16326453,-0.24800964,-1.07699911,0.13683149,-0.17468950
0.13236961,-0.69888186,-1.86914084,-2.05151929,1.43625773,-1.42517386,-0.58499502,0.47229309,0.14658921,1.72022999
0.09298808,0.26168768,-0.51110891,1.34788973,-1.39994554,-1.86026999,-1.49265951,0.89865118,-1.74624893,0.13791319
-0.06092128,-0.97025655,-1.10611014,0.01674744,-3.00114531,1.86058615,0.92527869,-1.03661194,0.10070462,-0.28808298
-0.43233397,-0.57648756,-0.90509131,-0.66631250,-1.68921026,1.42257019,0.33257279,-0.42469633,-1.33727935,0.59317582
-1.50104057,-1.49042388,-0.69048806,1.26079954,-0.93893027,0.03817169,-0.64778120,2.04019152,0.15478156,-0.94773511
0.62682571,-0.85315026,-0.54393962,1.80859210,-0.94688857,-1.59680566,-1.07426993,-3.09482866,0.19405729,-0.99073132
-0.57986960,0.23993333,0.94853388,-2.09762065,-0.65022048,1.03916446,-0.17385157,0.19912942,-1.50108192,1.64567578
0.27698926,-0.57071044,-1.65740913,2.22034306,-0.30673454,1.60455087,0.23284761,1.00356036,0.69783433,1.01531561
-0.70403302,-0.65763358,-1.63219742,3.29454398,-0.17809982,1.31413171,1.06186240,-1.10006444,0.87065974,-0.62844067
-2.85245468,-0.21044765,-1.45639372,-0.04875466,-0.08755842,2.50921373,1.65365533,-0.12541097,-0.23071914,0.70791110
-0.86663704,-0.56786454,0.49742352,-1.05842770,-2.62825170,2.03959749,0.88007884,-1.34041956,0.95553616,0.31453238
-0.99135346,-1.76364409,-2.20097167,1.44509435,0.09228537,0.50653148,-1.53376073,-0.33594082,0.30577784,2.56622798
-2.03785083,0.87153630,-0.91107671,1.07713900,0.58586775,4.35727218,1.17662024,1.52490437,-1.27795345,-0.31469437
2.52844737,-1.88702944,-1.06230975,2.02752176,2.61347306,-0.49015989,-1.40911962,-2.44269100,0.78745146,1.56391762
-0.81026772,-0.29555922,0.28531516,-0.11806560,-3.31062172,1.11225735,0.15670148,-0.04142616,-0.95076764,0.04715836
0.15976516,-1.40094554,0.32262050,0.29863876,-0.26615117,-0.20284518,-0.45534018,-0.68715431,0.65664133,0.16483636
-0.74566713,-0.71057850,-0.90708698,0.40850255,0.58475542,1.96552046,-0.11058341,2.08210222,-1.76185446,1.20650620
0.33178892,-1.67012091,-2.17666801,0.91585880,0.58530756,0.64304664,0.31490704,-1.90660664,1.52241845,-0.85240374
2.00160347,-0.44245356,-1.62746054,-0.71786225,-1.32474852,-0.79437133,-1.30334984,0.50692410,-0.45062813,1.18763712
-0.10924115,0.12924421,-1.02805313,1.87898378,0.18334692,1.51707386,0.64445858,-2.26342436,-1.61079828,-1.82117766
-3.11149269,-1.74953962,-0.34883249,-0.89417218,0.58350110,2.88642722,1.01265513,0.80333809,0.03358886,-0.65373781
-0.73565865,-2.95599882,1.06873137,0.03025216,-1.41385025,0.35304667,-0.40891980,1.34253418,-0.12818211,-1.00234895
-2.24297147,0.63288475,-0.61045966,0.03680228,0.60837582,3.02057565,0.45472079,-0.75525227,-0.88891507,1.64090981
-1.45472794,-1.45085866,-1.68140036,1.05095839,0.14601208,-2.08857094,-0.68573822,-0.75649448,1.30379687,0.63626029
0.37036311,0.10098407,-1.21700241,-0.29341045,-2.08468217,-1.19791528,-0.81822116,2.36813432,-3.53584000,-0.05192320
1.35134858,0.68691783,-0.33325648,-0.59208870,0.71978424,1.32905054,-0.04246556,2.95876339,-2.58863285,-1.81253312
-0.51775656,-2.45868387,-0.34275960,-1.49069159,1.08360789,-0.29908011,-0.23649453,0.22400965,1.01408418,0.45368259
1.47113387,-0.37328537,-0.62960089,-2.07266620,-1.71580408,1.01620050,2.56143388,-1.42485505,1.34973308,0.37026860
0.06589747,0.85548747,-0.47819357,0.74102809,-2.10646618,1.40334640,-2.16228530,-0.91453195,-2.15264586,0.24168416
0.89625674,-0.81000484,-0.42273536,-0.20746758,-0.05943199,1.63895571,1.63005376,1.14373304,1.41223712,-1.02823326
-0.18041184,-1.20046884,-1.12193507,-0.30803350,-2.00679124,0.27732616,0.42802500,2.33494236,-0.31267249,-0.46582072
0.13116111,0.40485975,-1.75312165,0.58629354,-0.32417443,1.98728479,2.03984600,1.65689273,-3.01174954,-0.63621614
0.66721827,-1.77573207,0.98455217,-1.87215145,2.18386953,1.03368450,-0.03381146,-0.13788511,0.26820923,1.79777577
0.14044294,0.24204762,0.59079876,-1.45190321,-2.21276484,1.35186718,0.21236934,-0.73046649,-2.34821542,0.67677383
0.10568871,-0.79632612,0.02480414,0.15886733,-1.39363260,-0.34043576,-0.10265136,-1.83180391,0.39943391,-1.37195939
-0.50095421,-2.66700915,-0.36973844,1.24512700,1.06899980,-1.19963115,-0.79533001,-0.45975268,1.25456054,0.46005699
-1.37352419,-0.40150297,1.20796007,-0.12156850,0.71957850,0.43568481,-0.32694264,-0.38874514,1.28662629,1.16222769
0.51866473,1.83428737,1.02148391,-0.84091338,0.48128433,2.04395993,-0.62394469,1.58588925,-3.23230479,1.46271486
-0.07027726,0.10078761,0.32363972,-0.54098557,-2.97405154,-1.89091877,-0.93140404,1.32508380,-0.63380214,0.38796228
1.44527050,0.59911374,1.48626734,-0.52696713,0.07762232,-0.54444255,-1.35279552,-0.52282632,-0.82692502,-0.37757876
1.86949762,-0.19416943,0.29156531,1.31994621,-1.28118162,2.85078165,-0.83973102,1.35834248,-0.02461594,-0.72252314
-0.10075881,-0.94486600,-0.31819272,0.63990554,-0.59310160,1.03252301,0.36186609,0.22826097,0.43781103,-0.73575361
0.60496674,-0.62739283,-1.17155922,-0.71612188,-0.43907177,0.39250474,-0.86573044,0.57234498,0.04989787,-0.09560727
0.53026381,-1.81665278,0.63909587,-1.48195162,0.73918349,0.91199491,0.21590965,-1.90488756,0.70269370,0.87866716
0.56914483,-0.50880994,-0.38923320,0.43034276,-0.88541362,-0.20623752,-0.83795315,1.75809642,-2.69807849,-0.27927487
0.24678446,-1.07029353,-1.22703014,1.36378389,-2.23064791,-0.69220278,-1.19622523,-0.97961954,1.54212464,0.11023121
2.17778491,-3.24293073,-1.15829353,-2.37743841,-0.26777118,0.30201765,-0.27166945,0.61827924,1.28977474,-0.19463654
0.81593633,0.69260848,-0.94350111,-0.88595850,0.62013388,1.23286646,0.90206287,-1.33933811,-3.49979090,-1.38947631
0.48295498,-1.49922616,-1.09842370,1.45720393,0.59468843,1.36127480,0.91456083,-0.88698959,2.20797297,-0.96740723
-1.13999480,-0.90157501,-0.51792817,-0.04945976,-1.09327393,1.92313343,-3.13896439,-0.26040686,2.27048176,-0.74376309
0.35839780,0.32275361,0.02347981,-0.66839750,-0.18309348,2.70368409,0.18975754,-1.43912066,-0.18276293,1.85265057
-1.37507486,-1.98738532,-0.23370321,0.71758994,2.37716567,-2.66079209,-0.55769927,-0.16319040,0.63141865,0.70917877
-2.66152095,0.71056413,-1.10285464,0.49685562,0.37485414,4.21798600,0.82572716,0.94068370,-1.68141772,-1.21961170
2.03696227,-1.28334383,-0.41914889,1.67008235,3.15893413,0.63241289,0.77604731,-1.15626118,1.26142503,1.90227743
-2.38635379,-1.36413241,0.49790995,-1.87115399,-0.15106519,3.42574453,1.44706262,1.40738121,2.91140165,1.05339438
1.35137890,0.94503486,-3.27188834,-0.16884851,-1.91237390,-1.22941302,-2.47041152,2.04269713,0.73976870,0.56794068
-0.56715649,0.00646595,-1.99028121,0.80048166,-2.30342685,1.28622833,0.28410046,0.62206324,-0.78765616,0.33876372
0.54830680,-0.79795162,-1.69578968,-0.47410038,0.29064013,1.55395528,0.81200663,1.78029130,0.01676155,-2.88821223
-0.14646303,1.70880949,-0.64063019,0.20730736,-0.33502699,2.03977247,0.38278064,-2.87709917,-1.01537726,-0.45131484
-0.49431992,-1.01939419,-0.60138806,0.76784000,-1.69799459,0.32402173,-1.41395333,-1.62301087,-2.09922374,-1.04912988
-1.07170571,-1.48016045,-0.30936557,-0.35988267,1.24941490,-0.34372488,0.21314965,1.53772948,0.38359828,-1.00310557
0.77915663,1.23554869,-1.41433589,-0.39796661,0.15388615,-1.61630390,-0.28726330,-0.44371750,-1.52307893,-0.40038503
-1.11249958,1.21630798,-2.20504073,-0.51685943,0.74895482,1.86094390,0.43026009,1.52609601,-1.26747138,-0.86184257
0.82115786,-1.51873614,-0.96532429,0.55139102,-0.42411678,0.59277851,0.84999902,-0.74506050,0.29200664,0.10626069
-0.03486229,-0.91745657,-2.01137140,3.47389877,0.14477814,0.82167466,-0.67477362,-1.70690717,-0.01060743,0.36510515
-1.30538641,1.19768964,-1.29600805,0.73690131,-1.04489596,-1.71520792,-1.16918145,0.19339391,-3.21069255,0.49227561
-0.69694921,0.34793847,-1.81915263,0.98367328,-3.08039802,1.57453283,0.14998395,0.18890759,-1.97639818,0.48227225
1.42575826,-0.05815352,-2.06906797,0.54560980,-3.18032791,1.33357450,0.26358582,-0.09502057,-1.69258597,0.56758411
0.58284527,0.58045750,0.56690373,1.42978211,-1.22801795,-0.71001266,-0.44015375,0.75845673,-2.94505000,-0.90261018
-0.85320418,0.26550581,0.61575771,1.33741635,-0.30905577,-2.31149333,-1.00062238,-0.45075537,-1.70361368,-1.86574701
0.04317695,-0.11460030,-2.27950747,2.81301855,1.57577740,1.40096852,0.63012936,-2.22118212,-1.05885843,-1.63551981
0.15096810,1.05010106,-0.37768513,0.70912729,-0.08991102,1.66537252,1.39158420,-0.72943899,-1.99288184,0.00967853
-1.39535687,-1.89615650,-1.69488778,0.51848006,1.19572293,0.64878528,0.29256753,0.36055794,1.22738485,0.77450320
-1.25333623,1.44308041,-0.81190699,-0.21109358,-0.06779983,1.58003655,0.13975715,0.72877509,-0.14416504,0.05826796
1.61917400,0.65501630,-1.30821593,0.84119711,1.59931636,2.09201030,0.57528397,-1.70948336,-1.31567457,-0.87895731
1.20180126,-0.30682986,-1.27806836,-0.31957433,-2.38772442,2.24781534,0.44290319,0.34775381,-1.25573998,0.48093279
-0.38824318,0.41892856,-0.13585398,-1.23967180,-1.42540772,-1.08728356,-0.60718296,-0.91799197,-2.24077341,0.67042765
0.78404489,0.18121568,-2.92724936,2.73838421,-1.11610881,-0.13276190,-1.58470401,0.39225471,-2.20156025,-0.87732369
2.94180724,-1.07434632,-1.94942733,-0.02785718,3.02496431,1.08061529,0.09316365,-2.20412495,0.34923335,1.17096322
1.02944021,-0.36202461,1.56806313,1.15941171,-1.77572008,1.33667246,-0.67047559,-0.67034877,0.26891340,0.81820140
2.26004918,0.25854337,-1.78423970,0.64591522,-1.46489414,1.74158304,0.34188250,-0.01443342,-2.63853222,0.17001258
0.03202457,-2.16195012,-0.54992702,0.18437336,0.60192047,2.64413416,0.93286290,0.69361368,1.04408767,-0.77453266
-0.39747881,0.65220873,-0.63755603,-0.33396868,-2.17168272,1.86487434,-0.10166973,-1.23800267,-1.50717241,0.05210717
0.12566139,-0.27958561,0.25146908,-0.62490466,0.13877519,2.15621428,-0.15145459,-1.57238135,-1.75049326,0.85161682
-0.94029338,1.35406763,0.05232590,-0.34347935,-1.81751036,4.60895858,2.16566060,1.37642216,-3.41010426,0.66662611
-0.22564496,-2.13680461,-1.54009244,0.88897540,1.28311947,0.62537300,-2.05168982,-1.14575491,1.06267416,0.33132246
-1.53811186,-0.83057226,-0.50591376,0.83367514,0.71359654,3.55790302,1.00672464,-0.67334499,0.00998969,0.84464319
-0.65898888,0.77259174,-0.15997650,-0.38232023,-2.44245467,-0.78286934,-1.37710835,-0.46445652,-2.48423124,-0.21183022
0.75459215,1.64024925,-0.84176875,0.81047064,-0.65484003,2.57711464,0.52537471,-0.06474050,2.80081276,0.71307130
0.34572540,0.00822088,1.80460318,1.70304164,-1.05786278,-0.00212022,-0.20458360,-1.64876206,-3.14262483,-1.18889978
2.87511519,1.85376355,-1.11323433,1.25019619,-1.54180894,-0.84029172,-0.82165403,0.02551232,0.47261008,0.23444966
0.01372434,-0.81530517,-0.71815097,1.18415782,0.84690064,1.26238829,-1.61289797,-0.48413602,-0.74262549,-1.80408559
-0.64734965,0.92222999,-0.85022123,0.30793706,-0.20397185,2.88214876,1.57250671,0.58305838,-0.58225318,0.12508865
1.92582762,-0.39655693,-0.00571285,-1.76058545,2.63467119,0.47423816,-0.59830920,1.06523099,-0.77765981,1.57508493
-0.07822325,-2.09740156,0.22063960,-1.68438590,-1.38338532,0.89374459,-0.65242627,-1.54472852,1.03705212,-0.75401378
0.01618028,-2.98228336,-2.37730793,-1.02254480,0.57304164,-0.29834873,-0.90610432,-2.47524058,0.91634119,0.34792931
-0.60090847,-1.53230095,-0.40203278,0.31291211,-0.17574789,0.32963052,0.69150718,-1.42121620,0.82939494,-0.28900695
0.09270468,-1.16336437,0.92526337,0.47203141,-0.08390380,-0.42677172,-0.06175338,0.26554790,0.42058284,0.08614778
0.56642199,0.10412505,-0.50235878,-1.88014054,-2.74130160,2.77795480,1.20391840,-1.57024881,0.21467681,0.15307527
-0.94230833,0.17250055,-1.59066594,-1.50552543,-2.24432047,-0.90985444,-0.52840655,-1.67538412,-1.32890979,0.89611673
-1.88630592,0.90505020,-1.70197203,0.85161596,1.22495161,2.52848151,1.06206403,0.14309635,-1.80812999,-0.98536297
1.76333527,-0.62477275,-0.48574963,0.58025673,1.64893000,1.35209014,-0.60620415,0.61588914,-0.12764448,1.51073320
0.27000150,0.01326932,1.02180032,-1.06087698,-2.84640264,1.40813578,0.92702682,0.58852253,1.90256130,0.67817631
-2.02901703,-1.59412162,-1.38646518,1.68095524,0.48541772,1.78234567,0.40377535,-0.82387863,0.35555557,0.12111479
0.94733097,-0.41737522,-0.35691261,-1.44769184,-1.67628102,-1.06576348,-1.59930639,0.38593859,0.09490542,-0.92040045
0.98987582,-0.76656526,-0.65975717,-1.63274194,0.51935222,1.87916365,1.48691801,0.65980602,-1.18272632,0.81900051
-0.32372307,0.17800793,-1.44195244,0.98256848,-0.04039927,1.51152200,0.98566402,1.84376096,-0.35355320,-1.02283034
1.05612117,-2.02885260,1.46408367,0.16383707,-0.45839864,-0.27172547,-0.37243752,-1.40378664,0.45596553,-0.96240167
0.15261358,-0.56843472,-0.05392661,-1.69925433,-2.26202558,2.77628584,1.55683462,0.65191277,-0.03645060,-0.42576518
-0.85944896,1.02959766,-0.20287473,-0.55984865,0.35289245,1.30941393,-0.10497036,-2.42379493,-1.91818115,-0.95194781
0.61155094,0.63117186,-3.25255232,0.11441372,-2.17948243,3.05867304,0.45395778,-2.06822722,-1.13887797,0.72732222
0.36315791,-1.74839233,-0.04507110,-1.97424715,-0.03500664,2.94121081,1.24067559,3.00866018,1.18806418,-0.39317286
-0.27751702,-0.69959936,-2.70246186,0.98883930,-2.68947992,0.21126792,-0.91263741,-0.63541135,-1.14495112,0.55112987
0.33117920,-0.14254841,-0.35355489,-1.70105818,-1.84563933,3.78709888,1.55421442,-4.37850209,-2.47186219,0.64837733
-1.10698086,0.54988810,-1.49295574,0.94171742,0.90345551,1.62892573,0.56821535,-0.66274445,-1.57559280,-0.86991255
0.71564245,0.24891133,-0.93091909,0.14538903,-1.52698116,2.93477247,0.60918705,-0.48175600,-1.35308000,0.91256970
1.05844890,1.04757494,-1.33159656,1.11994541,0.34364159,1.39671953,0.75797295,-1.44525444,-2.67414603,-0.71568915
-0.03958221,-0.64498843,-1.85225848,1.10510878,1.51471185,-0.92345646,-0.43067777,-2.21223802,-0.46635443,1.85029349
1.84015913,-0.22037655,0.29822194,-2.12594803,-1.45308856,-0.72207478,-0.67498281,-1.93002572,-0.50842062,0.39323300
0.14870489,-0.41013590,-0.53771880,1.05139110,-2.51758727,1.94423209,0.02607712,1.81073474,-1.55408103,-0.76820642
-0.13669585,0.12255262,1.93998726,2.67245596,-1.62380956,1.09086199,0.22195696,2.64877863,-0.60977140,-0.40723852
-1.26112421,-2.31645532,0.01001373,-1.53023532,-1.18326330,1.00095965,-0.21682755,-0.43761515,-1.26349460,-0.77561690
0.57827985,-0.99821515,-0.35667675,-0.58072367,-1.09624587,2.23955859,0.88017928,1.27141207,0.58582664,0.55400215
1.46748299,-0.58804402,0.45877626,0.56683303,0.12273947,0.33018806,-0.41211599,-0.88553219,0.04560427,-0.19005353
1.38368717,-2.58345372,-1.08354607,0.68374774,2.12342480,0.39930352,0.34388634,0.70290897,1.42597016,0.94593507
-2.38179562,-1.05789551,-2.98656231,1.16701134,0.27491942,3.30344431,2.20083988,0.76954448,-0.34196160,0.59557493
-0.13982008,-1.12754105,0.15858039,0.34491959,-0.80134083,-1.33613895,-0.12039520,-0.81004406,1.19169687,0.17697576
0.49275765,-1.03701436,-0.61640024,0.76181963,-0.43705406,1.05232635,0.31886845,0.37533732,1.04109913,0.55069748
2.26374399,-0.86761871,-0.32709627,-1.44278504,0.82101646,-1.62801977,-0.87102628,-0.92911426,-0.74328104,0.53515933
-0.95591495,-1.27801422,-1.76569459,1.80463692,0.88174135,0.40652371,-1.83176204,-0.43872437,0.80877199,0.73257545
1.11115027,-1.88499145,-1.95167903,0.43659079,0.21361454,-1.07511768,-0.62865694,-0.34645206,0.50667649,-0.18476262
0.92638457,-1.00289331,0.05848547,-2.03603521,-1.17082902,0.77314387,-0.60341580,-1.34895188,1.31510801,-0.38379814
0.47406849,-0.33607531,1.02768695,-1.44911613,-0.82220477,1.04824282,-0.57474512,0.07579026,-1.45471302,0.78816400
2.03380541,-0.08788792,-1.91663353,-1.96911615,0.66506275,-1.02373673,-0.63103979,0.59679413,-1.54614395,-2.72754575
-2.08707426,-0.09110211,-0.39000223,-1.52994421,0.46188322,3.43700179,1.85218020,-1.77968430,-0.13982780,-1.05372136
-0.45210640,0.55093843,0.37433257,-0.74128113,-3.02850474,0.22057716,0.49634275,0.32026031,-2.69383414,0.40487795
0.99026143,-2.77095018,-0.75404577,-1.06729326,0.08309891,-0.42687692,-0.30743246,0.49104560,1.92076535,-0.61761605
1.49229816,0.93587498,-1.62227960,-0.52319453,-0.94057756,1.86367974,0.36993302,-0.49719759,-2.03205980,-0.72398291
1.32527339,-1.62401592,0.26886776,0.21628927,-0.68453966,1.32141724,0.71898409,1.83723948,2.29618236,0.08534134
0.95159764,-3.04622663,-0.74324110,-0.57117541,-1.28530279,0.19059461,-0.87826178,-0.58779203,1.92221230,-1.12586491
1.14667831,1.96970362,0.04125537,3.34120431,-1.33725423,2.61889956,1.71599070,2.01513163,-2.03603053,-0.33968164
0.26715020,-1.31164882,-0.51564784,2.77276443,0.47778850,-0.46928329,-0.74300750,0.60562866,1.57000109,1.07743593
-2.23265805,-1.20803507,-0.58342434,0.90449663,-0.17710244,1.01762640,-0.72890259,0.32937493,0.28190919,0.40935781
-3.49351876,-0.38443346,-0.04951652,-1.80430666,-0.87665486,0.17555107,0.05882197,2.54402216,-2.35059938,-0.69695871
-0.19249122,-1.22608468,-1.33002473,0.65287773,0.47518322,-0.68104853,-0.45785140,0.24204335,1.45449387,-0.91889558
2.20168978,-1.37518729,0.02927606,2.16368748,1.85249492,0.45093899,-0.50124278,-0.00576033,0.62243689,1.44666231
-1.38992508,2.33676596,1.34495807,0.76812858,-0.93178927,1.75134251,-0.07928606,0.24704437,-2.13712502,1.21545323
-0.17655129,-1.25591634,0.87434381,-1.70915452,-3.75606753,0.84499509,0.35391704,-0.27697373,0.67880041,-0.69710885
1.03286937,-0.49774057,0.78272271,-0.51384078,0.66346595,-0.85010473,-1.70832287,1.15677311,-1.20625596,0.97440503
2.76482915,-1.65188340,-0.39857208,0.52663360,-0.80988280,-0.96373239,-2.27263889,0.16849786,0.63723802,-1.48256815
-2.59665219,-1.70055495,-0.94304262,0.20758199,1.39347104,-0.19525843,-2.04779755,-0.04308346,1.26105363,-1.39664513
0.91287400,1.36824304,1.22723041,-1.45098079,-0.99903226,0.82513551,0.76114782,-1.99862285,-1.72429354,0.41070987
-1.02763031,-0.96350803,0.47665914,-1.69336312,-0.15410772,1.00797731,0.37644974,0.19681984,-1.23528504,3.00390116
1.75458414,0.84916482,0.12384078,1.00338287,-0.79659443,-1.38248489,-0.75544001,1.26288491,-1.34774189,-0.25172234
0.40880212,-0.89758763,-0.65179944,1.11568556,-1.27916739,-1.22434049,-0.36149876,-0.55121643,0.05625967,-1.28178990
-0.04218223,-2.72544836,-0.37118112,-1.28545868,-0.21856395,-0.25816907,0.19638417,-0.87711573,0.86664182,0.64557647
0.25207878,-1.81300007,-1.95949426,0.57578224,0.69137137,-0.13354879,-0.27092266,0.92555897,1.37792843,2.88263264
-0.15628695,-1.17238594,-1.08795636,0.00323035,-0.21609814,0.73962106,0.07780734,1.16734313,1.04304694,-0.30759459
2.49482427,-1.21455295,-2.25813564,2.32800551,0.55099068,-0.72750578,-0.34274779,-1.98619800,1.10442402,0.67382194
0.05714359,-1.42696617,-1.47671934,1.08857743,1.84206182,1.20787892,-0.07204321,-0.99966701,1.12587674,0.63232518
-0.94324389,-1.27963527,-0.37404821,2.21918762,0.11488725,0.30453141,-0.37976954,0.92742676,1.04776030,-2.64077065
-1.62755199,-1.95811184,1.81545779,0.67980680,-0.44066693,0.25213346,-0.91622934,0.60771581,0.75378389,-1.79055519
-1.75860518,-3.36284694,0.62774460,-1.87571978,-0.25397587,0.65124943,-1.04144098,0.43801869,0.64127326,1.04208197
1.39450692,0.82755369,-0.15806339,0.41397295,-1.55658840,2.07709705,0.36226997,-1.40714455,-1.52696163,-0.15653299
-0.03261185,-0.64976173,-1.64124459,0.03787504,0.88941818,2.40040216,1.18379933,0.41747358,0.22607252,0.72300842
0.27634521,-0.49081168,-0.94899088,0.29972653,0.97451873,1.14775709,0.77041619,-2.05513241,-1.86469555,1.07632746
-0.49856983,-0.20963844,0.31529373,-2.37636413,-1.61975353,1.05946727,0.29378130,-1.38980729,-1.59073831,0.39422834
-1.54352568,-0.71554374,0.94905981,0.47581404,-0.51056303,1.40809622,1.81391851,-4.36449872,0.50642694,0.21029181
2.65786728,-1.24424919,-1.17586723,0.97670089,-0.03857202,-0.51964403,-0.56616157,-0.41454825,0.95844947,0.09873649
-1.59666628,-0.51491573,0.72955291,-0.09892643,-0.23041212,0.01462372,-0.10020668,-0.13707440,-1.02153801,1.11975017
-0.63540191,-0.75309245,-0.59155384,-0.65063086,-2.35352826,0.47584085,-0.07046642,0.40925101,1.08889202,-0.73448108
-3.26476973,-1.07304565,-1.01063440,0.50761955,0.10899018,2.75547107,2.53595525,-1.06068853,-1.23966217,-0.07770651
-1.31361754,0.25848100,0.34948588,-0.76319116,-3.56046872,2.26178981,0.63014551,-3.78928369,-2.23774930,0.38331285
0.83228851,-1.14953634,-1.18809369,0.71872103,1.06897175,-0.07621879,-0.39252090,0.71881934,-0.85120511,0.21266574
0.42522979,-2.78611656,-1.41619037,-0.90439791,0.59992491,0.18979977,-0.74754717,0.18008198,1.64125218,-0.67591584
-0.26307389,0.49339860,0.84729684,-1.67958186,-2.77517403,-0.27763115,-1.44520762,1.46553067,-2.93350029,0.47574864
-0.02524045,-1.25032821,-0.12413578,-2.67523049,-1.42551743,-0.91975377,-0.55225028,-0.01012116,-0.43582800,-0.02437049
-1.13586919,-1.13507367,-0.19221311,-0.01776484,-1.89599979,-1.52621063,-0.76037147,0.37447651,2.22782303,-0.80963313
0.81786560,0.42214925,0.04112364,0.46191507,-1.07409052,2.34669928,1.23963921,-0.98751972,-1.90985708,-0.11917019
-1.50743157,-1.57961095,-1.50424024,1.17166589,-0.41795944,1.73119592,0.67406683,0.46930350,1.58291945,-0.06860857
0.23986313,-1.33308826,-0.45780802,-0.83720595,-0.14255727,-0.62952072,-1.76162544,-0.78738940,1.03157378,0.04083454
0.02066723,-1.35768349,1.19300854,0.69078376,0.67874238,0.84035718,-0.32179834,1.90604649,-0.01319210,0.77872011
0.46427142,-1.91830284,-0.87062822,1.26338459,1.70509482,-0.53144332,-0.52899351,-3.21817833,-0.39445030,0.33359562
-0.41440399,0.10246585,-2.33705440,-0.03322655,-3.35710965,1.63966425,-0.35474015,-0.55630061,-2.46426404,-0.05902868
-1.62226078,0.80827048,-2.17620316,1.34441824,0.72170180,1.90642122,0.47286793,0.16700090,-2.20124451,-0.34414270
1.06461730,-2.45411656,-0.94161858,-2.07184806,0.82533036,0.79140676,0.24282455,0.20592506,0.43838756,-0.68569308
-0.27074086,-1.67130505,-0.14459100,-2.55132835,0.55538942,1.45375021,1.25491506,1.34557315,2.16551945,-0.40836863
1.33333377,-2.22027203,0.72414698,-0.56905317,2.73408808,-0.02913412,-1.52637603,-0.98966668,2.16833290,1.27184745
-1.19513244,-1.13334729,-0.97588201,1.10837236,1.72997956,2.78124974,1.35125929,-1.42494080,1.27354144,2.17679668
1.83376690,0.07784972,0.78277091,-0.36612857,-1.11626874,1.31505957,1.84451555,-0.26189445,-0.71220242,-0.14738605
-0.33034084,-0.14830650,0.53863034,0.88914082,-1.38215959,-0.28714348,-1.31884147,-1.75279124,-2.48534862,0.53416843
-0.59364807,0.13694510,-0.97032428,-0.39172860,-0.28874178,2.18233927,0.08856169,-1.89306824,-0.20545870,0.39158643
1.73929513,-2.26093694,-1.27456840,0.63938277,-0.44608280,0.63277624,0.13572330,-1.23488166,1.03798759,0.30241500
0.43420450,0.56572126,-1.80156289,1.18562641,-2.49839480,2.45320571,0.98537698,-0.53430548,-2.11791125,-0.11349547
0.66828816,0.60345981,-0.82939739,0.08790278,0.58741135,1.62664237,1.05503632,-0.14353637,-1.19900299,1.77401227
-1.53551042,-1.49918799,-1.92466697,2.49229714,1.62908856,0.94136695,0.82192711,-0.23618587,1.06203973,0.25256240
1.48259484,-0.53986935,-0.04283278,-0.02121769,1.23009018,1.24513019,0.71932687,-0.74669276,-1.16930980,-0.59320206
1.03114350,-0.69543064,-0.16017085,0.65987967,0.65295771,-1.97932112,-1.09336207,2.11280876,-0.40817751,1.04800549
1.66108060,-1.66924737,-0.71859477,1.64917938,0.91797361,0.30919544,-0.44441503,2.20569100,-0.87047218,0.48076207
-1.14563781,-1.28808463,-0.55640846,2.49254213,2.29360699,0.91358585,-0.33173687,0.51049842,0.76905858,1.42146045
0.35774768,-1.26989404,-1.38709374,2.75049476,1.13154879,-1.17085841,-0.67632189,-2.08199358,0.18055329,-0.16356666
1.36265968,-1.75880078,-0.78811466,-0.34534613,0.04024247,-0.43704249,-1.20780411,-5.13569415,1.59531249,0.22120707
0.26282999,0.53344471,0.51206466,0.01627255,-0.88138524,-1.28690767,-1.18222129,0.20251155,-3.03813073,1.16809923
-1.34822031,-1.67650863,-1.24440901,3.08948866,2.56402496,1.57716904,1.39835517,-0.36331384,1.41869215,1.21615525
2.15305466,0.17386628,-2.22052228,2.26367235,-2.27435635,1.13189209,0.41859881,-0.77598322,-2.11046061,0.28495215
0.94829947,1.77717298,0.98254317,-1.55700883,0.62709892,1.43284728,-0.79843169,2.59524179,-0.83249911,1.62710050
-1.45823826,-2.43185433,-0.67468106,-0.36117408,1.39662802,0.09601563,-0.02465705,1.52766657,0.41750346,0.59408838
0.68858593,-1.65156175,-0.43118710,0.78503142,-0.53789481,1.20998445,1.61206427,-0.88536846,1.26173609,-0.32475930
0.41644103,0.08843562,0.13381331,-0.95032409,-0.72002106,1.97150980,0.83512525,0.74393425,-0.71709692,-0.07144038
0.95484708,0.16323778,-1.28679554,1.07997047,-3.35735495,2.59992331,0.75486344,0.62133017,-1.16920760,0.53779912
0.10903950,-0.81254674,1.38915631,1.18943950,2.09139741,-0.99137234,-0.48870965,1.36269683,-1.07355966,1.35475005
0.51236863,-3.31746197,-1.85210854,-0.91235993,-0.27693086,1.11439731,0.49527476,-0.33912467,1.53472893,0.98823119
0.08275950,-1.20164285,-0.33298235,0.51870816,-0.79774283,3.10929030,2.20775460,3.42531951,2.15469462,0.20516627
1.31501272,1.05135865,0.13294806,-1.41316699,0.55561239,1.52931764,0.54068559,1.86480824,-1.30397276,1.48040011
-1.01527119,-1.21762358,-1.56219364,2.14224099,1.20535058,-0.07979720,-0.78532638,-1.13875496,0.14170875,-2.11013765
0.31137306,-2.23091191,-0.39012517,-3.39703902,-0.87793947,-1.09406559,-0.66581740,1.13979001,-0.59362788,-0.55111605
0.19500375,-3.53194736,-1.11494145,-0.82191020,-1.10748529,-0.30206639,-0.12859537,-0.17856122,1.60416324,-0.69078447
2.85565901,0.25117331,-0.63666820,0.39504300,-2.06550845,1.96230885,0.27469916,1.17143562,-3.22937784,0.19134394
-1.78639315,0.92865544,-1.70477070,0.88878560,0.44601387,1.50779081,0.46354028,-1.38744311,-1.63353582,-0.99562783
-0.97346148,-1.37627804,-0.43558280,0.01489440,0.87393630,2.52649484,1.17962217,-0.08486340,0.48774821,0.41373661
1.33178923,0.30321447,-2.13473786,0.35624788,-0.69723906,1.89692480,0.59358211,-1.51674674,-2.76600761,-0.17980421
-0.16321567,-1.87529403,-0.35038312,-1.20159750,-1.28733620,-0.65390654,-0.03704274,-1.77178932,1.25451913,-0.55026921
0.95852493,-3.70844023,1.79242060,0.20537874,-0.17289034,0.65706767,0.91099595,1.25328969,-0.04801363,1.87949074
0.18457874,-1.00144081,1.11446624,-0.41449122,-0.58411680,1.93238658,0.93601453,-1.73250485,-0.02115186,-0.42585259
-0.32004866,-0.05475602,-0.56310311,-1.16658804,-2.53887446,-0.49127444,-0.60805041,-2.88608807,-0.97056982,-0.67957590
0.43187845,-0.92809754,-1.32713111,0.36519987,2.14422735,-0.50489983,-0.09947268,0.30665281,0.07777206,1.74102219
0.27479529,-0.96047257,-2.01859158,2.75248240,-2.64489376,3.11875145,1.13818381,-1.66163257,1.82999145,-0.04042464
-2.07175496,-1.79200538,-1.30908410,-0.41801627,1.00331648,3.14206003,0.46856607,0.31430690,0.89480504,0.42900007
0.22408974,2.32127724,0.73146432,0.15916721,-2.34092684,1.44862064,1.29936730,-1.39140926,-1.12635189,-0.61032926
-0.12061529,-2.35731042,-1.20671811,-0.25425241,1.54659071,0.26721001,-0.04860081,1.68197952,0.20678212,0.05044194
-0.17533187,0.11638600,0.61140387,-0.21234019,-1.75584687,-0.50623725,-0.31964486,0.73481456,-1.75700207,-0.69742981
-0.02196050,-1.02517190,-1.95205608,3.17158425,0.35497507,-0.95878724,-1.11980541,-1.68314830,0.54033577,-1.78882096
-0.72767671,-1.83208075,-2.47815689,1.55980972,0.38780579,-0.17610860,-0.50208502,-1.57456041,1.83926389,1.36797721
-1.14453709,0.59211859,-1.23904936,1.70938419,-1.30373830,1.34299074,0.34892993,-3.80654464,-1.74532302,-0.45527249
0.72355314,-2.33255796,0.26905955,-1.94281851,-0.21867359,0.58481406,0.57050504,-0.14768473,1.09977939,-0.96513891
0.31642580,0.38916713,-1.85449013,-1.39595618,-0.05123885,2.21985367,1.99454264,-0.97130993,-1.90533071,-0.14919765
0.11275066,0.97936901,-0.63483092,-0.21691814,-1.01200954,2.00628281,0.06850204,-2.25327236,-2.19799367,-0.49234062
1.67532023,-0.39844715,-0.18954577,-0.64222625,-0.20424382,1.42662763,-1.54645203,1.53424382,0.80806759,1.30448930
0.58869732,-1.84420118,-0.55149772,-0.25098872,3.05669860,-1.20925558,-0.79650928,-1.48399959,1.86873260,1.30444066
-1.00284658,1.17424028,0.88480343,0.90950230,-1.80584821,1.69410539,-0.25185050,0.15514370,-0.47417303,-0.78770293
-1.03789511,-0.68366677,-0.82485788,-0.43429470,-0.83578318,0.41219781,-0.15072044,1.41897294,1.03594626,-0.62219379
0.63325514,-0.18885943,-1.06243121,-1.56991753,1.22378805,-2.13270397,-1.28555338,2.08190672,-0.98185906,1.82033538
0.32864601,-0.94418447,-0.32306465,-1.24819883,1.85154825,-0.27333416,-1.19233436,1.49523903,0.31342794,1.76703449
0.81894090,-1.01232467,0.85053912,-2.31996263,-1.33639441,0.80489036,-0.20353495,0.08851530,1.45469127,0.45641367
-1.93499414,-0.76546642,0.55836237,0.24399495,-2.56046013,-0.37438980,0.16962200,0.92487614,-0.67793748,0.04463216
0.14889351,0.02396652,-0.03609592,-0.50398487,-0.73746426,2.25038182,1.47429170,0.26637873,-0.54834978,1.54628364
0.28647302,-0.18417137,-0.43781566,-0.67063172,-1.68615270,0.74037295,-1.52752392,-0.60323311,-0.87208200,0.78523237
-0.23559898,-0.69023335,-1.58776624,-1.65116115,-0.16709440,1.57882091,0.15517771,-0.02876868,-0.56276468,0.55147594
0.55429881,-2.18877097,-0.37237966,0.67555858,0.24452648,-0.07976592,-0.90618312,-1.66632731,-0.62681963,-1.86013406
-0.68123255,0.18281475,0.63027691,0.33624120,-1.13440174,-0.45411000,-0.62344624,-0.07172002,-0.40986859,0.76943558
-0.63906832,-0.95073478,-0.34075837,-0.52928850,-0.83515982,-0.72654437,0.06657676,0.35166247,-0.50111989,-0.24133360
1.69172042,0.93923907,1.31422034,1.63414466,2.02144822,2.05001202,-0.03757572,1.18934268,-1.15700001,-1.47715086
-0.27598161,-0.35460293,-0.65508710,-0.65912014,-2.49330617,1.34367505,1.18003263,0.29249949,0.61024847,-1.57778983
-0.89953250,-1.88700010,-0.00946345,1.20052202,-1.11144962,-0.15565009,-0.48642042,2.80553092,0.12075851,-1.34882736
0.61873434,-0.41253680,-0.38844447,0.77889438,-0.04878297,-1.94294344,-1.15933400,0.20353622,1.16020361,-1.21255986
-0.30409206,-0.38696651,-1.51994319,-0.41071594,-2.20635995,-1.61161084,-1.58166110,-0.06667100,0.64222230,0.22320697
1.38127382,-0.28031991,-1.60350006,-0.17742532,-2.86993196,-1.39850632,-0.78236035,0.17869123,0.22317614,0.28794153
-0.88614104,0.02615537,0.09718646,-0.72714210,-1.92674561,1.20926180,-0.21412357,-0.44040443,-2.27899984,0.58247656
2.17202033,-1.37370763,-0.50557321,1.08639574,-0.31648549,-1.23511681,-1.45023320,-0.32364677,1.52671668,0.40015109
1.02668849,-0.23341768,-1.77394941,3.01494587,-3.75204119,1.03964205,0.02740328,0.37815116,0.10396326,-0.40452897
0.40217659,-1.13967946,-0.16560791,1.01365018,-0.23678792,-1.33910378,-0.32510987,1.31409038,-1.22945365,0.72063088
-0.39162651,-0.96691635,-0.15295819,-0.05546917,0.92756776,2.26340514,0.19567607,0.10732839,0.47887463,-0.18651453
0.67533080,1.41072671,-0.59454436,0.09347399,-0.60638502,1.12769887,2.21264881,0.99427277,-1.16938818,0.45532061
-1.33338803,-0.57779300,0.35375383,-1.11231632,0.22524250,2.62615413,-0.06595356,-0.91973154,-0.17372598,0.72132723
0.75856321,-2.07344502,-1.83096909,-1.17901372,0.49314664,-1.28726104,-0.09935353,1.17147154,0.90801156,0.20669841
-0.20907811,-0.99526929,-1.03212376,3.48216441,0.61509725,1.54993129,1.91626776,0.79678876,-0.08772796,-2.25163562
0.25425328,-0.20176690,-0.64483101,-0.23070928,-2.32642614,-0.77114047,-0.58504281,0.43844929,0.11972323,0.33302687
-1.28837658,-0.34228753,-0.45384587,-2.59370711,0.34258845,0.48319441,0.16916403,-0.59239212,0.66938909,1.04483077
0.28500149,-0.82495856,-0.52599666,0.88270292,0.10743540,0.32556931,-0.17704513,-4.86818260,0.44114230,1.12954630
-0.48195197,-0.62609585,-1.50495646,0.84950317,-2.60324092,-0.70261718,-0.74408970,-3.14209501,-0.13000747,-0.03226661
-0.88678631,0.00984572,-0.31027043,-0.26553557,-1.50240792,1.00723284,0.64844489,0.86320919,1.14509986,0.06398790
1.45376775,-1.98649699,-0.75636148,-0.07979354,-1.59505944,1.14154061,0.62454011,1.43334219,-0.18733559,-0.87307720
1.66908116,-2.05701962,-1.39281205,0.46142837,0.43369348,0.04844871,0.32098489,-0.03836551,0.16849499,3.00682603
-0.00259330,-0.28799645,-0.63349580,-1.95926363,-1.87636964,4.18467764,1.73389290,0.40477937,-0.23532567,-0.12334503
2.29852970,-0.92010299,0.26267326,-0.09618801,0.04861231,-1.43942333,-1.02295724,1.26753076,0.48817436,0.74285756
1.23868034,0.52386581,0.16760305,-0.05847194,-1.23254502,1.72636382,0.23471219,1.87231304,-2.93114366,-1.08011341
0.62917236,1.69783414,0.86447549,-0.90801551,-0.84452118,2.78625776,0.24713975,0.10775436,-0.52041434,0.47389744
-1.16857801,0.54511568,-1.20386683,-0.88919113,-0.45577114,3.60518228,0.54195986,-1.59525451,-2.24083904,1.48440219
1.31239109,-1.80345927,-1.78495558,0.95160960,0.18329755,0.97308045,0.49873224,-0.06786875,1.05071216,0.37832982
0.25647551,-0.88506544,0.76637751,-1.20109642,-1.62359077,-1.39987557,-3.20494744,1.54530063,1.52683015,0.00787935
-0.92514357,-2.79289705,0.94374149,0.56571803,0.07653130,0.62572715,-0.46745427,1.20563275,0.57731140,1.35358128
-0.56496041,0.27145125,-0.12761194,-1.20737281,-0.73331645,2.51009515,-0.19485156,-1.14324579,-1.78851627,-1.11055491
-0.34261159,-0.73634591,-1.35701667,1.10712401,-2.48849028,0.20609235,0.00447248,-1.61156672,-0.88649568,0.25147593
0.77589662,-2.20714492,0.02347657,-2.28555368,2.31361081,-0.20348766,-0.51955477,-1.25808134,-0.03454391,0.95377774
1.98655210,-0.01248176,-0.44886612,2.27582251,-0.27399494,1.81163473,0.84424989,-0.89984283,-1.82754263,-0.30858761
1.83132095,-0.17173606,-0.67603117,-0.83180813,-0.77752191,-0.34892138,-0.44056056,1.97169619,-0.71939037,1.08889799
-0.46383748,-1.32831862,-1.52735375,1.47940929,-0.71285969,0.16492641,0.26380831,-1.16511312,2.60242800,0.61434746
-0.20205430,-1.73530482,-1.46722020,3.10759317,-0.40027411,1.02668563,0.93992693,-2.07363825,0.32224177,0.73719568
0.73347569,1.07007237,-0.40024370,1.33692554,-1.74357192,0.11168637,-0.87409250,2.74163166,-0.97823105,0.15898678
-0.98624265,-1.39617944,-0.80170634,1.19613825,-0.36791191,0.89222598,0.16863479,2.89040436,1.69979143,0.46250582
-1.14880819,-0.90885733,-0.87831867,1.61922754,1.99945314,-0.23523192,-0.67922963,-0.62655341,-0.38898799,1.81735103
1.79683020,-1.24632256,-0.29001003,1.98232207,0.86515241,-1.07857537,-1.32738978,0.86181693,0.99466921,-1.89722133
0.35631707,0.62766648,-0.54027793,0.28188056,-3.16702613,1.40000880,1.49484476,1.36405626,-2.00199816,0.65248781
-0.81709545,-2.95146124,-1.02114642,-1.84691511,-0.46451741,0.71597843,0.21245717,3.51838795,-0.69062254,0.15817285
1.78160812,-2.99557471,-0.75290367,-0.73808600,0.17565621,-1.00696202,-0.92583377,0.97660466,1.36236092,-0.61181139
-1.74096454,-0.02129733,-1.62107974,1.29410991,-0.64425176,1.79124816,-0.09869086,-1.45036747,-2.69602619,-1.48114996
-0.79684031,-2.48588281,-1.06548150,-1.69574693,-0.09743065,0.75243378,0.73813791,2.32397251,0.70498386,-0.70937570
-0.09410622,-0.52880922,-1.24689637,2.25122301,0.69543989,-0.55843072,-0.57451896,-2.33306683,1.11739974,-0.70832267
-0.67412691,-2.30105648,0.30569930,0.27309536,1.47285677,0.37077837,-0.31717093,0.47212760,1.17210380,1.70094088
-0.16750576,-0.01438471,0.28979984,-1.13647747,-1.87080018,-0.58205076,-0.88388345,0.30831908,-1.07795088,0.32237622
-1.26278798,-0.77742743,-1.57498127,0.53295339,0.12025424,3.13452269,1.46482942,0.28540501,0.71956038,-0.04004906
0.58441969,-0.06906729,-1.45469614,1.18351707,-1.94134002,1.29831346,0.53221404,2.84446007,-0.60791004,-0.10360742
0.48152453,1.43617400,-0.01538881,-1.92789968,-0.71352145,1.25930001,0.02623513,-0.02071368,-0.39556833,0.85850111
1.07944794,-0.29284807,0.21433381,1.13675981,-1.45486306,-3.19333711,-0.55214438,-0.66623527,-1.29175102,0.34575361
-1.72621833,-0.32362875,-0.55321002,-1.32294866,-1.07595579,1.09707806,-0.37411896,0.37887095,-0.91663477,0.56004015
1.09126608,-1.23754715,-0.24892464,-2.11108117,-1.26147273,-1.08673321,-0.30058717,1.79017913,-0.16244624,-0.48504264
-0.93120188,-2.08354334,-0.00243243,-0.34511957,0.34968629,0.53985645,0.01983429,-1.71537735,0.27107885,1.51670464
0.65221676,-0.03396883,0.05224902,1.57521695,-0.76415624,2.28020083,1.20030773,-0.74127601,-1.87256466,-0.11234621
-1.64782842,-1.69790375,-2.75081070,-0.24779193,1.63246674,-0.56891801,-1.55508599,0.91436335,1.31541967,0.70835588
0.71755964,-0.42738043,0.22147814,0.01722586,-1.26481360,-0.24319482,-0.49862702,-0.31154936,-0.37685735,-1.21979766
0.30772610,0.22986547,0.97767019,2.16373743,-0.99023696,-1.71536000,-2.42186178,0.79989314,-1.01442544,-0.07745138
2.13381669,0.53393311,-0.09868539,-0.02519470,-4.69319287,1.68132843,0.34008297,-0.04111872,-2.38440346,-0.20161126
-0.39976815,-0.32695165,0.90011910,-0.23185905,-2.45416351,1.68558168,1.31490601,-0.94304643,-0.53305936,0.42314151
-0.16218147,-0.60242715,0.41303817,-1.71670329,0.99019988,-0.10531803,-0.90635868,-0.56766983,-0.43359235,0.60258933
-1.29156696,-0.19523837,-0.89868214,-2.22938626,0.18614874,1.63707200,0.46638300,-2.06520955,-1.31008768,-2.89668233
0.37759426,-0.59065467,0.77266659,-0.89293325,-0.04222152,2.36241460,0.31584701,0.83916908,-1.10665659,-1.21597892
0.40834221,-0.74357572,-0.12979482,-0.17400160,-2.64303467,0.40607418,-0.41393108,-2.10660252,1.36094540,-0.61719423
1.91817783,-0.44188382,0.20396722,0.39265124,-3.08937154,1.48798116,0.81962193,0.19529052,-1.17107626,0.08133989
-0.51484992,-0.17831663,0.34795815,-0.57832655,-0.70636455,-0.07740097,-0.44810537,-0.25470546,-1.72214889,-0.22131011
-1.66618590,-1.12757439,0.99996393,0.61877256,-2.40803190,0.07516820,-0.41508818,2.31597400,1.24385374,0.16613931
0.92951412,0.45960601,-1.45982860,0.80641403,-2.34541304,0.89167694,-0.49299528,-0.65022030,-0.60914274,0.31094343
-2.35733355,-1.27705043,-1.81476251,0.59281700,1.22201867,2.81003148,0.54840324,1.51048464,0.71593222,-1.37142787
-1.69431887,0.19056815,0.13703224,-0.21456700,-1.61801557,0.78224126,0.45068157,0.87436411,-1.15154166,0.12104264
-2.31436759,-0.92936753,-2.88573710,3.19138694,-1.04678851,-0.22405032,-0.99425931,-1.65432312,1.20711403,-0.47787825
0.15925168,0.19625288,0.65463163,0.85046330,1.69741272,2.05592488,1.18496069,-1.12734913,-2.08394588,-1.04807989
-1.30665848,-0.98659775,-0.05908056,2.76887328,1.99384510,-0.03252124,0.59354370,-1.11427899,-0.69020163,-2.01836199
-1.32754472,-0.81911044,-0.09047879,-0.06030698,0.19115246,2.84012150,2.25290471,-0.13731985,0.59465485,0.07625181
1.05937608,0.11496256,-0.15660748,-1.19417620,-1.51015465,-0.48558782,0.45070780,0.95153029,-1.94838124,0.90198366
0.74173410,-0.04566331,0.92240894,1.36006928,-1.35897635,2.09616227,0.22400801,0.26606232,-1.52468527,-0.78638163
-0.27741459,-0.80692578,-1.61218669,1.83908768,0.26102741,1.09253758,-0.37065954,0.38099623,-1.09705973,-0.90117425
0.63315991,-0.60055852,-0.36644280,-1.64225466,-0.08977333,-0.38804055,-0.57381025,-0.07187668,-0.71922587,0.97854712
1.12620297,-0.93606882,0.33833897,-1.28610222,3.78820243,2.28501479,0.34454665,1.36944271,-0.29662920,1.48534948
-1.07162077,-0.35163945,0.63782472,-1.23911047,-0.59901067,0.55093452,-0.87343231,-1.96512349,0.08399525,0.23118488
1.27800860,0.36424231,-3.04267775,0.06401646,-2.10391715,2.21213459,0.90534906,-1.41077288,-1.38355024,0.86914322
1.80036211,0.47410766,0.27583596,-2.01693313,-3.56273885,1.08249284,0.97829530,-0.21297141,-1.19780471,0.83775864
0.84916845,-2.20937373,-2.36425299,0.57801106,2.19115437,0.00300326,-0.76965032,0.90209302,0.94515800,1.74426649
-0.57376326,-2.30655980,0.30483498,0.14422257,-0.91642831,-0.08266593,0.66365861,0.14395309,1.53103493,-0.38227928
-1.46736406,0.23573408,0.55998328,2.46752825,-3.55971998,1.30321604,0.24353058,0.11943501,-0.98963752,-0.12488266
0.50907685,-3.01495455,0.43917078,-1.95892814,-0.53880104,0.24413481,-2.08943537,-1.39707082,0.25859968,-0.31918445
1.62109263,-0.66558740,-0.29432185,2.32085855,0.39207488,-1.44727247,-0.86205322,1.59984490,2.27904104,-1.58940431
-0.94486110,-0.33121284,-0.45291924,-0.22801075,-1.49454048,2.41126858,0.14355830,-1.19079317,-0.73343100,0.34183891
1.35534909,-1.37450582,0.61196472,0.27697634,2.41665517,0.48068816,0.80756122,-1.92084650,0.31627087,1.12790837
2.71905758,-1.12260191,-0.96539344,1.01683631,-1.28957391,2.96459142,0.36109932,1.27794129,-1.08739723,0.17515536
2.43587463,1.25277510,-1.65669181,0.69976829,-1.57520365,1.77937389,0.29178637,-2.18006504,0.69707936,-0.42197385
0.82097226,-0.36151115,0.91760915,0.75184788,-0.67554121,-1.40575219,-1.61098427,2.17118922,-1.19743566,-0.45678724
-0.70577026,0.46379111,-1.73965156,1.28493063,-2.26885934,2.18790327,0.98805709,2.44441584,-1.99679890,0.44961386
1.21614545,-1.13382101,-1.28189460,0.59994462,-0.24853659,-0.83399637,-0.65426606,0.10786533,0.37418288,1.62168813
-0.16249769,1.51083401,0.32990643,-0.61357339,-0.80987913,1.61215464,0.90359152,-0.35662039,1.36645259,-0.04618687
0.23423335,-0.82655492,-1.36498055,1.84305106,0.81580269,1.01969648,0.01731306,0.22402057,0.20674287,0.46442466
0.99263751,-0.74917827,-3.35942449,2.14323556,1.67126869,1.14021298,1.99606076,-0.67308511,-0.01381430,1.33155750
2.76168800,-0.54716802,0.45101285,-0.40150900,-0.92407632,2.00465733,-0.61421209,2.34451556,-1.77769422,0.45669486
0.56273049,1.77007987,-0.56414348,-0.24999857,1.06170074,2.15240652,0.10541961,-4.04176434,-1.10646981,1.28219270
-0.03714753,-1.50957884,-1.85277783,1.50462219,-0.58502598,-0.36486936,-0.82518869,1.38399415,-1.23695053,-0.86360566
0.64781139,-1.45241313,1.34019980,-0.48972370,-0.65282280,-0.53941695,0.03188203,-0.27478734,1.72740030,0.14339570
-0.46906699,1.28753434,-0.22754011,-1.34542817,0.06533147,2.09207826,0.60919132,0.28777978,-1.36167965,-0.56464989
0.02871604,-1.44168902,-1.28199697,1.61332824,0.15783270,-0.37362344,-0.47901373,-0.44922046,0.58783501,1.47480301
-0.95877302,0.17637378,-2.30802641,3.40406404,-0.10857204,1.95723192,-0.37434781,0.50263699,-2.03718560,-1.18836761
1.34538039,-0.72902053,-1.03423825,2.92657103,-2.06286319,1.87040720,-0.42770519,0.66598861,-0.80712107,-0.69335593
2.38031343,-1.34621815,-0.58619706,-0.79802253,0.16867824,-0.44012008,-0.85549474,0.11438816,-0.73549644,0.70612979
-1.14918066,-0.35279294,-1.24669214,-0.48213759,-1.46277990,0.26944081,-1.09016482,0.96474327,0.03872709,0.36830176
-1.41908424,-1.64926103,-0.21394524,0.85028029,-2.35328747,-0.81385040,-0.50728527,0.60751325,0.65056164,-1.86972358
-0.85513659,-1.13469389,0.60416462,0.02138911,-0.50463129,0.66264231,0.19292949,0.39400438,1.42340923,-0.99009202
0.83770241,0.12213952,-0.00544015,0.70971387,0.27520148,1.37617108,-0.37617697,0.44038559,-2.48171148,-2.39813912
-0.34099185,-0.47102763,0.76297030,0.33256546,0.31652265,0.60903281,-0.18785137,0.51243973,-1.13399587,-1.43144176
0.49742342,0.95348313,-1.16685828,-1.69809515,-0.05520232,-0.52958326,-0.50369349,0.62159040,-0.00134832,1.89625134
1.60860303,0.70226596,-1.55692417,0.49124882,-0.17236620,-1.79676804,-1.06258954,1.89297897,-3.54581478,1.78382724
0.43452623,-0.12393606,-1.91243187,1.72751687,-2.08485048,0.68614489,-0.03523775,-0.13151758,-0.98640837,-0.15568800
1.70130312,-0.81313396,0.08759069,-0.63902867,1.90852801,1.02039066,0.28381090,0.84112833,-1.13978693,0.65315126
-1.65409226,-1.54779767,-0.51778123,-0.19152722,-1.49519366,-0.14680065,-0.41647102,-1.20836887,1.47530369,-2.34489088
1.96270174,-2.60248418,0.56081136,0.48008442,-0.03920069,-0.72354462,-1.52190928,-0.71085187,0.21117026,-0.68624961
1.08713345,-1.25464933,-0.81741954,-0.47465062,-1.62522227,0.99907830,-0.61031076,1.16397297,-0.89181698,0.41773494
-1.85822639,-1.15695090,-0.21416587,0.37743571,-0.28590040,0.46900449,-0.05657181,0.06857013,-1.00575049,-0.50556687
1.08782017,0.34177988,1.08702315,1.25160440,-0.05086172,-0.56163040,-0.94871105,1.65306545,-0.69650650,-0.41215375
1.22654599,-0.77733524,-1.21969543,1.22497821,0.56894522,1.39327037,2.20453242,3.11634425,0.59457664,-0.57845952
1.79753906,-2.54438437,-1.64583433,0.74903500,-1.95140803,-0.49562548,-0.60284967,1.40190005,1.59128689,-0.41904158
0.50069474,-0.42752888,0.05864073,-0.93151043,-2.12814552,1.22068356,-1.41944058,1.53623133,0.92783556,0.53802747
0.47008259,-0.76873890,0.00201842,0.61192571,0.91171353,1.36458546,2.03359003,1.74867362,0.22634747,0.98445921
1.09239762,-2.35083164,-0.30967104,-2.39226180,0.05190990,-0.48752679,-0.60133643,-0.96495745,1.56316944,-0.72462234
0.49739069,-1.18692993,0.50964034,-1.24521304,0.16090889,0.21195615,0.68508669,-1.48954957,0.17119813,0.63179020
-0.65606667,-1.57205775,-1.11945220,0.41050483,-0.08750178,1.43875713,-2.87038615,2.67892303,1.19426680,2.90122803
0.77924689,-1.10571566,-0.50451735,0.38636459,-1.32784231,0.42619137,-0.27489833,1.96537169,-0.79207784,-0.39359665
1.03616788,0.83784083,-1.26237469,0.11714272,0.67320620,-1.56215692,-0.51615643,2.76723326,-3.11157911,-0.52715232
0.84923130,-1.18822344,0.09708287,0.05487981,3.24781913,-1.68047116,-0.19072722,-2.89495326,0.31708214,1.79742218
1.07176825,-0.53706063,1.32626726,1.33830587,-0.08981684,-0.72209661,-0.00226278,2.96153436,0.33799690,0.77771321
1.64230632,-0.99588742,0.85061451,0.17693200,-1.76314204,1.20692595,2.37649543,1.97716600,0.63878345,-0.43160028
1.05747645,-1.84915186,-0.57343915,-0.01760479,0.99367203,0.23750577,0.16169185,-1.59017798,0.61324970,0.24503866
-0.66397773,-0.53650088,-1.60551329,1.76605611,-2.38210226,1.45150773,1.03909252,-0.95742835,-2.01821644,0.25042477
-0.70080195,-1.62635222,-1.31525614,0.05414103,1.74435421,0.64708946,-0.55435066,0.31662639,0.86027786,-0.06032940
0.85653609,-2.79974347,-0.23846633,-1.48423966,-0.69218055,-0.26341979,-0.43565243,-1.24191269,2.47664366,-0.84277745
-0.38615923,-0.73106419,-0.90268867,1.49650191,-1.33029832,-0.96966599,-1.30931414,-1.48986377,1.45205693,0.31092468
1.33895715,1.69111892,0.03720248,0.23142470,0.27761285,1.64436925,0.29199961,-0.30751617,1.41391054,0.96374599
-0.21479451,1.02400503,-1.92338593,0.08239463,1.04308648,-1.32252823,-2.24575891,1.35028298,-2.60018528,-0.61576846
2.28891748,-0.53869129,-0.81069457,1.11918314,0.60050925,-0.11350754,0.91997395,0.38139574,-1.45029937,-1.13836730
0.03590808,-0.18467948,-1.34736444,-0.46836763,-2.43371708,0.94391038,0.08467849,1.21527535,-0.04209483,0.69663575
-1.21855365,-1.50953205,-0.32929792,-0.26807325,0.20472306,-0.30544022,-0.45239710,0.38196071,0.55838767,-0.93890280
1.07559156,0.40553584,0.59704439,0.33307911,-0.45147577,-1.56047129,-0.71523830,0.53795196,-1.88550726,-0.64865961
2.02175339,-0.87517379,-0.59628878,0.26949610,-0.68536913,1.26853398,0.58291403,-2.03143480,-0.26036520,-0.54683089
-1.33049984,-0.48115470,-1.91392635,1.51710924,-0.38696891,1.50214421,-1.03353413,1.39496021,-0.86652498,-0.88604205
0.00746247,-0.77944717,-0.54036793,-2.25823222,0.34779635,0.29227728,-0.34268831,-3.20483573,1.01068930,0.26667261
0.91319322,0.69269956,-0.34012277,-1.39286561,-2.15786312,-0.92710951,-0.84963600,1.09870578,-0.27310562,0.94922483
-1.14980991,-0.52277707,-0.39624485,-1.80507426,-0.05579776,2.59051886,0.82179000,-1.06136968,-1.61604196,1.40453883
-0.73023340,-0.05156380,-1.38082612,2.56085025,0.25076980,3.60137253,0.94811599,0.98866444,-0.34384156,-0.76419009
0.82434467,-1.81344083,0.13045898,-1.89239812,-0.65187146,-0.45745582,-1.22674165,1.13445850,-0.27117198,-0.38569988
-0.21897457,-0.50119279,-0.85197649,1.03634371,0.64344559,2.11269636,1.34291048,-1.06541802,-2.34789124,1.80350183
0.45501117,0.44453913,0.44563706,-2.84361695,-1.59579563,1.49938700,1.04395123,1.01370112,-0.93949039,0.74038701
0.51571148,-0.44849793,-1.59204779,-0.12149803,-1.03425197,0.20203491,-0.61777149,0.15375232,0.79302640,-0.19519712
-0.46316543,-2.34002369,-1.61333417,-0.00602573,1.88695766,0.27479334,0.14894420,-0.04520177,-0.32700991,1.25705659
1.18229411,-3.14863899,0.59207741,-2.55131999,-1.05125878,-0.43259149,-1.66753269,-0.02906504,0.10952537,-0.38202661
-0.26977281,-2.10720938,-2.39618242,1.03931345,-0.45435866,0.45769732,-0.21302626,-2.00068873,-0.37008530,-0.94426925
1.57325647,0.07458446,-1.31253023,-1.26142413,-0.31369682,-0.19813471,-1.56882344,0.12665566,-1.45566175,-1.92718183
-1.30101873,-0.88311576,-2.49315926,1.61532294,0.92191264,-0.33980626,0.51775339,0.08574092,1.96655503,0.66583734
-1.42619984,-0.58763820,0.18920286,-1.10612635,-1.18912010,1.15485711,-0.20621250,-0.15371075,0.15828827,0.45105541
0.01890383,-0.42730912,0.43557938,-1.26936805,-1.78848414,1.51642546,-2.02724299,0.86016667,-0.41824660,-0.05064585
2.26147830,-0.48142198,-1.13708569,0.69163219,-3.03271634,0.10707032,-1.06365665,-0.42667534,-1.10886813,-1.03481713
-0.71004515,-3.23666576,-1.11633522,-2.16090108,-1.01190783,0.01515294,0.37000489,1.38702696,-1.35661122,-0.63134846
-0.60129551,1.09596119,-2.26645078,0.60271521,-2.36229452,3.63450941,1.00940223,3.01022072,-1.22630504,0.36449928
0.19365462,-0.81115201,0.14397284,3.24571349,-2.36028365,1.48166959,0.46836471,0.02383730,1.05134530,-2.22925890
-0.75686763,-2.58455029,1.16944610,-1.14817225,-0.18701478,1.37829171,-0.06717096,1.06006516,1.81046705,-0.40467248
-1.16434905,-0.23419098,-0.96064430,1.52177073,-1.45500979,3.76471746,0.87932287,-0.73101046,-0.68487092,0.19881785
-0.86770714,-1.64767623,-0.51535890,-0.88721271,0.34807633,1.09502842,0.33366106,-2.31065043,1.22683222,-1.31312333
-1.13816846,-0.01468536,0.60226017,0.10443529,-2.12868696,0.97987223,0.09228725,0.73441932,-2.02166215,0.39761799
1.13868219,-0.71947381,0.31490428,-1.65158086,-2.50364604,-0.06249976,-0.79422726,-0.50040672,-0.07448294,-0.32735780
0.98472974,-0.92657488,-0.76610685,-0.04952463,1.17150914,-1.34636408,-0.99259658,0.19907155,0.69469478,0.99433921
-0.87368828,-1.29044940,-0.38136336,-0.72527844,-2.07309859,2.39897474,0.27959283,1.04379637,1.39435744,-0.73798651
0.30790195,-3.06637345,-0.83649560,-1.11682562,-1.26244010,0.60501042,-0.03760440,0.99145965,0.16681784,0.76374118
1.97079387,-0.60024896,-0.72835528,-3.36435942,-2.02170180,2.58644850,-0.38938018,-2.43892411,0.14576804,0.13957959
0.05239624,-0.18224322,0.15267361,-1.27276178,0.98609536,2.72162284,0.06716298,2.28161247,1.03112825,2.16513967
1.16520376,1.75554973,0.05291913,0.89387690,-0.52210816,1.81123195,-0.27028166,1.65319295,-1.23218855,1.23630890
-0.61705291,-0.45753474,-2.19990086,1.51065724,-2.86225524,-0.25404441,-0.69444333,-0.83199193,-1.01293534,-0.67100853
-0.57974452,-1.84667750,-0.34704953,-0.81896881,0.78709888,0.79048199,-1.65017691,-1.01729795,0.91129810,-0.75609181
0.43916263,-1.25004751,-1.06326775,0.71169868,-3.36840865,1.37655756,-0.75069478,-0.54701612,0.47199028,0.13526304
1.15622495,-0.20919260,0.44960569,0.33724372,-0.67569179,0.57718790,-2.54041365,-0.51427400,0.57595384,0.57109138
1.83406910,-0.59945325,-1.20505683,-0.24973257,-0.93188453,2.09887229,1.24776654,0.62071393,0.06459420,-0.18205801
-1.05195741,-0.18392580,-3.00516431,1.26743622,-0.93769849,3.81263196,0.59640544,-0.24747274,-0.32112514,-0.57208700
0.78048328,-1.37270467,-0.28638655,0.35710797,0.16142824,0.66813585,-0.08448504,-3.16952992,1.65308484,-0.53952421
-0.03730395,-0.59230804,0.39349313,0.74447638,-1.84407425,0.05386209,0.08214885,-0.35569965,1.82037888,0.02573780
2.08832195,0.11749750,0.28811115,-0.35440563,-0.35175262,0.64106188,0.29096620,2.50222343,-1.24162429,0.02141916
2.94879606,-0.58649053,-0.20736615,1.55000427,0.03850701,-1.02977495,-0.68277135,0.54330300,0.44522319,-1.71582026
-0.96158915,-0.18210811,-0.39145096,-0.44091637,0.37778184,1.08154625,-1.99462551,0.40116465,1.82694516,-1.54866795
-1.57914905,-2.73331338,-2.31106812,-1.68812119,1.60443713,0.69922814,-0.17380225,0.22099661,-0.17581840,1.20065335
-0.63879892,0.55756069,0.17376975,-2.06923236,-0.85485320,0.24367822,0.11829893,-0.97763925,-3.72173387,-0.83614058
1.28294875,-1.22264295,0.18406697,-0.96742286,0.05300471,0.30467865,-0.72132643,1.10583522,1.97975678,0.64668918
1.33306906,-0.54161529,0.16158022,1.21878212,0.19393700,-1.35898987,-0.13242617,0.61258815,-1.14490075,-1.67689880
0.75550651,-0.20150091,-1.25602010,-1.97119559,-0.74742158,1.66872014,0.19825632,0.53325252,-0.61969884,-1.29411781
0.81380094,-0.29726755,-1.10555544,1.43779803,-2.19067259,1.54249522,0.58386539,0.53758134,-1.46778680,-0.50993735
0.15147808,-2.03124348,-1.37226247,1.38468437,1.70381677,-0.37874537,-1.77547614,-1.39361722,-0.41654794,0.14331425
-0.83323921,0.63109851,-1.96407376,-0.89458349,-0.40625182,4.03156043,0.40051327,-1.91932773,-0.85691181,-0.74588837
1.52925331,-0.74070008,-0.88779579,-3.23194074,-1.87775514,3.12592294,1.20000209,-0.39042036,1.21686804,-0.14319604
-0.35789633,-0.80026403,1.10540810,-1.18452923,-0.31028093,-0.44770542,-0.85022748,-0.26905202,-0.66053794,0.45909203
0.46309832,-0.77286897,0.33747213,0.31017919,0.74066945,0.78663073,0.51006464,-0.96309300,-0.01985535,1.15745240
1.28590595,0.32464421,0.50278288,-0.26561593,-1.20160518,1.74505074,0.18189782,0.17415769,-1.70677951,-0.41266507
-0.11605515,-1.31069969,-1.33980862,2.52443867,-0.46036373,1.99745176,-0.65930963,-1.23405658,1.82028211,-0.69286869
0.86073397,-1.51846176,1.07475787,1.07992529,2.98876650,0.63550379,-0.74847326,-1.12272492,-0.59561042,1.24984919
1.74463481,-0.38029815,1.83419752,0.51874356,-0.78538194,1.13400981,0.42483566,-0.17179677,-1.97416976,0.15883613
-0.48164027,-0.01696362,-0.95076298,2.54574334,0.65472909,1.91673205,1.41949533,-0.16406960,-2.00978206,-1.19064490
-0.22003234,0.15606325,-1.79178883,1.20424057,-1.66179330,0.09954955,-0.75955268,-2.39928080,-3.22834116,-0.13430960
-0.19793095,-1.64536732,0.46867226,-0.49043441,0.49196277,0.44020194,-1.51572455,-3.75614462,2.14134526,0.76325572
-0.30393265,-0.82374308,1.80992832,2.22663125,-0.92546865,-1.09535256,-1.07739273,-0.24045940,0.65984608,-1.23476020
-1.29215389,-0.22748968,1.10739127,0.64421616,-1.81389768,2.21704809,3.42337242,-0.52462663,-2.66573520,0.68586767
1.03490028,-0.98669725,-1.59890503,1.51555596,-2.30837557,0.87684143,0.78048884,2.53476245,-0.35990676,-0.25337344
1.29398490,0.52494847,-1.08611197,1.05697067,-2.46434088,1.86794960,0.70993554,-1.40067967,-2.11138518,1.39575048
-1.04862141,0.32749931,0.12697309,1.79610167,0.81775622,1.96579469,0.87022807,-2.33589674,-0.55933099,-0.42837015
-0.91291757,-0.43262926,-0.36710113,0.40754601,-1.21847418,-0.03316426,-0.52072025,-4.18553969,-0.93697701,1.05743044
0.38797534,-1.63739825,-1.48125116,1.25829779,2.08292890,1.90723407,1.57923922,-1.42590420,1.09681540,1.30325286
1.02244818,-0.43547251,-1.36086635,-1.09752087,-1.39242301,1.15834324,-0.72725283,-0.25825451,-0.50797317,-1.54918747
0.79813457,0.33326395,-0.73673912,0.99292201,0.03075358,0.92681957,0.78018566,1.46120758,-1.04021315,-0.03113002
-0.69084337,-2.43072561,-1.99392790,0.16308664,-0.84479380,0.10042118,-0.09691809,-1.51831240,0.71403525,-0.19280024
-0.51458253,0.35489194,-0.11669633,-1.02794363,1.16754647,1.59856304,1.70867184,0.92766177,-1.68889138,-1.61082513
-0.32368731,-1.77640770,-0.88335069,-0.27856635,-2.34010470,2.13974563,0.55851829,1.08888811,-1.14258711,-0.86138547
-0.04112490,1.49819910,-0.68832979,-0.01242464,0.78694147,1.81672958,-0.02830761,-0.48593869,0.08377013,-0.41992001
0.23806379,0.33272442,1.10397110,-0.87615726,-1.10990812,-0.17154675,-1.51647365,-0.44522260,-1.37032347,-0.45718589
1.08632232,-0.65765213,0.51701522,-0.27251325,-0.89936767,-0.98813389,-0.73559618,0.34235103,-1.11142267,1.90524535
0.36862974,-1.43572371,-1.06124986,0.17593247,2.09539740,-0.91912144,-0.49930778,-3.50886192,1.50406582,1.15340782
-2.86479106,-0.52321456,-0.44058290,-1.28554290,-2.85689339,3.72138270,0.34703472,0.29500868,-0.13797765,0.91695888
-1.20201936,-0.33546634,0.26768399,-0.59750278,-1.83587812,-2.09081139,-1.09007935,-2.63314303,0.64233038,1.00222352
1.29673291,-0.86423319,-0.36059013,1.01519670,-1.32894618,4.17203608,1.40432313,1.00477826,0.45692406,0.70070892
-0.36529181,-0.71197883,0.91707794,-0.01949122,-0.91612890,3.97331873,1.47440167,0.17096323,1.02431811,-0.81713128
0.46924044,-0.53549860,-0.00959074,-0.75094665,-0.49182424,-0.28917487,1.21723889,0.40320071,-0.58658480,-1.19934460
-1.63272738,1.32260431,-1.88439396,0.48567261,0.36503403,2.45103866,1.32040769,1.09104668,-1.86513585,1.04610697
0.54367519,-0.35998554,-1.01975837,-0.73096250,-0.31880654,-0.13093252,0.51522758,0.59586301,-1.33255748,0.69718987
0.31799713,0.86081135,1.13512675,1.03834734,-0.94477373,1.71901386,2.49388571,1.65143253,-2.22736968,-1.41035920
-0.07057309,-0.87564225,0.99931050,0.40467274,-2.54917339,-1.64058516,-2.62270606,-1.30177286,-0.62511238,-0.15449202
1.43907267,-0.14833759,0.27051480,-1.23045797,-0.45912071,2.72920329,0.48755554,2.01404786,-0.17977665,-0.04968133
-0.47165979,-1.20379741,-0.54066513,-0.85147559,-0.19207594,1.08192596,-0.27529593,-1.85556722,0.93297009,-0.58739609
0.70205405,-1.04674477,-1.63427719,0.71895194,0.64350552,0.94214242,0.60939091,1.33553842,-0.61908597,0.34808209
2.05774548,-1.19587835,-0.47253943,-1.90916255,-1.11017428,1.07650194,-1.08781742,-2.22446286,0.87004496,-0.74971868
-0.31039715,0.64749442,0.30600650,-1.34665381,-2.52340107,1.41580985,0.75503891,-0.44993635,-1.40474258,0.82436362
0.47862570,-0.33303360,-0.49810070,0.00406431,-1.12581301,1.94300075,1.70711133,0.95655528,-1.21936121,-1.67947450
-0.36828887,-0.85295292,-0.46715333,-0.24116683,0.20480801,2.09251726,1.51424287,-0.49785972,-0.69148062,0.54783066
-0.71558372,-0.26691945,-0.39309388,1.02471811,-2.10576251,1.75763056,0.71360341,-0.20356287,-0.76849072,-0.42770083
0.59626065,-1.61235422,-0.78280368,0.35205035,1.41931614,1.62325002,0.95225888,0.85836271,-0.57632084,1.57044222
-1.16654013,-1.84899764,-1.40148159,-0.68149509,0.02483766,0.36764941,-1.81724316,-0.29864029,0.70286431,2.27463152
1.43078412,1.14525306,-0.15461666,-0.93886576,2.38608110,2.13720935,0.47669504,2.44024336,-0.66754393,-1.39147138
2.53987042,-0.15799546,-0.29129498,-1.71038790,0.04777947,-1.28520080,-0.69696692,0.57500847,-0.62416224,-1.32439614
-0.89574652,1.53034483,0.54227335,-1.08227178,-0.45164147,2.77808893,0.27753888,1.47135074,-1.20863366,0.41569176
0.91729167,1.95558780,-1.09281699,2.00726108,0.68284986,1.59206080,1.16478541,-0.85627331,-0.45875636,-1.62459838
-0.85955650,-1.00188741,-0.39021849,0.60226834,0.21713022,0.64337348,2.10267900,0.41925063,-0.44703370,-1.47439614
-1.33837313,-0.10401285,-0.64444766,-1.64604133,-0.52933494,2.79584634,0.42093513,0.88260335,-0.49170310,-0.74633892
-0.55764222,0.39776843,0.63806054,-2.32379080,-1.30906119,3.41474209,0.71548274,-1.32877545,-2.78778451,1.26602557
-1.33046329,-1.97919139,0.96066166,-0.59567755,1.91180681,-0.24818559,-0.54478297,-0.33397285,-1.43342749,0.48416791
0.51459994,-3.28028660,-1.58199599,0.26418538,1.15668546,0.55390895,-1.79977423,-0.23134178,-0.17566477,0.50990493
-1.08751231,-1.46211668,-1.64084354,1.01468960,0.80047422,2.05989474,0.43013205,1.28798987,1.39455366,-0.14548849
-0.58924923,-0.63055408,0.49858114,0.17929337,0.71071786,3.52328520,0.56690438,-1.67278688,-0.82970951,-0.44795360
0.24336768,0.45457249,-1.10311468,1.96253049,-2.44633520,2.27905563,0.28670639,-2.77496675,-1.43258598,0.38708636
0.62469286,-1.57335196,-1.99655024,0.51475703,1.12682404,-2.03451022,-0.94719365,1.18043059,1.52592071,0.46801137
1.97508205,-2.79569351,-0.27553284,-2.04722957,-0.14543510,-0.64970454,-1.01467130,1.39521036,0.41458303,0.33238489
-0.98104404,-0.03789361,2.56940773,-0.47310839,-0.07871860,0.96809602,-1.59211983,-0.94658471,-2.38003741,-1.11485194
0.85819847,-0.45801921,-1.54779092,1.98391177,-1.74695403,1.88584197,2.18737591,0.79644751,-2.14954479,-0.82166002
0.14238158,-1.50706393,0.73612431,-0.73981230,-0.31353519,-0.01658466,-1.47453019,-2.38399042,2.03950030,0.01372597
-0.28228088,-1.29337190,-1.72038763,0.83002567,0.56682139,0.29285225,0.18814699,1.27034249,0.20191578,-0.11251941
1.08788704,0.08462660,-1.25065476,1.26830000,-1.18449551,1.22134620,0.76655910,-1.41303272,-1.18251516,-1.46377828
0.57561057,-1.55947156,1.91990990,-0.76739385,-0.62894849,0.37628841,-0.14008033,-0.29389583,1.50786257,-0.45784187
2.81252932,-1.22036284,-0.08139928,-1.02331681,-0.47554894,-0.70626426,-0.91004585,0.03906129,0.42266292,-0.36816539
-0.32894411,-1.15481361,-1.10192603,2.59814907,-2.70743557,0.16353470,0.04909816,-0.25680642,0.42389715,-0.44528781
