-0.27503328,-0.01430114,-0.36652160,0.23548411,0.25160955,4.71082713,1.09474942,0.81647895,-1.71636770,-0.45352659
0.82823291,0.60168676,0.63102988,-0.93737370,-0.68839810,-0.91245937,0.10494361,0.40751492,-0.24076890,1.27851324
-1.46158489,-1.33476640,-0.63998566,0.07103684,-2.54518239,0.06303674,-0.70860541,-1.23166057,3.09270184,-0.17035052
-0.49384387,-0.69168518,-2.74951899,0.79333895,0.50928947,1.13035026,-0.68558728,3.00254487,0.30642556,1.00201579
1.94799426,0.13424753,0.94596508,-1.33492662,-0.33180865,-0.65052228,0.94707927,-0.03230202,-0.75447139,1.20526435
1.41067811,-2.18163290,1.59383484,-1.19559798,-2.33476789,-0.08404453,0.67578947,-0.53530140,1.51905070,-1.06478750
-0.03042030,1.39072067,-0.81497993,-0.24797078,0.13750871,4.10366962,2.64140918,-1.46737038,-1.94820689,0.73776468
1.60920896,-0.68080486,0.38894029,-2.33060056,-3.12026542,0.73977313,1.50128870,0.76656794,-0.76780357,-0.00134531
-0.48175922,1.09585744,0.33330246,0.09850889,-1.16512363,1.02138285,-0.30457087,-2.19504555,-0.40415646,-0.11590131
0.81152244,-1.03345787,-0.95573881,0.52242165,-1.56626275,-0.89555714,-0.06413994,1.43158075,0.81976108,-0.33096049
1.22786342,-1.51600097,0.37834968,0.46749149,0.13605661,2.67663563,0.35903175,-1.46041089,0.12429210,-1.75620685
1.40838990,-0.42169285,-0.39125005,-1.16048930,-1.27080586,-0.57178589,-2.14544395,1.07221144,-1.05349150,0.90927353
1.04230187,-0.15940800,-0.99782897,-0.98947713,-3.51626883,1.72235141,1.43176570,3.17970364,-1.65845884,-0.28711653
-0.88721689,-1.15812057,0.04517979,0.18285400,-0.12650051,-0.02897558,-1.37369339,-0.02963603,0.66593796,-1.17172188
0.43416833,-1.78760856,1.11318719,-1.00431574,3.99282703,-0.49605852,-0.44901419,-0.34862161,0.27656582,1.56656158
2.00893123,0.66054118,0.73213061,0.37760758,-0.73588390,1.05894005,0.06540332,1.56657275,-2.33624136,0.41789670
2.16169928,1.39098831,-0.30298247,0.20644094,-2.19743921,1.79892661,-0.19150218,-1.04966449,-1.96657314,-0.19426128
0.10621707,-3.37571968,-1.31938196,-2.76109467,-0.56796628,0.19558277,0.08866641,-0.57019458,1.18672807,-0.72188868
-2.32914452,-0.22226430,-0.32451612,-2.41968534,-0.55281422,0.30513530,-0.06725947,-0.06261878,-1.18411516,-0.62071714
0.64822050,-1.52333504,-0.02975628,0.53190499,3.68713486,0.84777526,0.53974755,-1.57146350,-0.32620792,1.00960379
-0.55020862,-1.07104827,-0.75606346,0.99174465,-0.81493004,0.37340163,-0.10280763,-1.30683221,1.63528131,0.10225484
-1.16120242,-0.23398307,-1.32106901,0.25981820,-0.27564027,-0.00672488,-1.24609659,0.99061316,-0.38273762,1.10494737
1.84714583,-0.04841234,0.32763306,-1.99753007,-1.42173644,0.96468416,0.24950750,-0.64631531,-3.48285505,0.14059073
-1.51382317,-1.55560991,2.44007265,-0.40874501,3.73710188,-0.88080421,0.49093610,0.25007829,-1.31497938,1.64960692
-1.18735552,0.45546318,1.13070618,2.96379685,1.83432935,1.13106841,0.60902243,-1.56557599,-2.29168426,-0.67449655
0.39410188,-1.11086741,-0.36509786,0.15388290,2.31619299,0.68524815,0.14328237,-1.52833285,-0.51636730,1.20849372
-0.22260326,-2.29833582,1.25297361,-2.14125089,0.29601002,-2.75668659,-2.37553309,-0.14497353,1.84398829,-0.04570905
1.43883282,-2.94399269,0.91117459,1.85353294,-0.69523682,-0.90338065,-0.27617120,-0.53499954,0.87068791,-1.37885509
-0.21473215,-0.63161253,1.21053845,0.71305644,-0.93896311,-2.55347053,-0.81957711,1.16800484,-0.81675160,0.31160141
-0.20917775,0.87120553,-0.67693343,-1.87699653,-1.73947254,-1.82625151,-0.78050390,-0.68704274,-0.50874545,1.71687780
-1.63088066,0.56990766,-1.49439783,2.54928671,1.65740879,1.74696611,0.87774049,-0.69464173,-0.13831821,-1.27016111
2.22328510,-0.86737980,-0.54102994,-1.04447051,-2.19553760,2.25798479,0.95989787,1.02096515,-0.29751407,-0.09688163
1.44610003,-0.87470913,0.11451785,1.31621946,-2.63011356,0.77054976,-0.42780873,-0.84363235,1.74360948,-1.07433418
-0.50223886,-1.06904475,0.34329817,0.04677067,-1.01285925,1.50159221,0.73894157,-0.43814891,1.17788195,0.72367569
-0.56826685,-1.19474074,0.00817612,1.82529989,1.19065308,0.66998396,-0.49797410,2.57154887,2.88946532,-2.39871457
0.79568771,0.67605526,0.62225947,-1.04145082,-0.91902111,1.35645390,0.19055076,0.79732961,-2.06646216,0.49034624
-0.50305914,-0.61192565,0.02024020,1.11390428,1.19141764,-0.41401676,-0.55736156,-0.02767087,-0.55216974,1.35894746
0.76725236,-0.79074272,-1.15923438,1.11147299,1.39389192,0.64132976,-0.24263138,0.04276579,-1.13585964,0.39269811
-0.38366127,-1.02782928,-0.42723163,1.20811925,-0.07383781,-0.90753390,-0.42500535,-2.42783485,0.80218450,0.81387247
0.04208732,-0.50963029,-0.35705158,0.09680855,-0.42836724,-0.30627485,-1.06851915,-1.65318915,-0.32356587,0.92616714
0.34003187,-2.31584147,-0.55208952,-1.04077213,1.51547159,1.07730248,0.51961048,-0.40648159,1.77505717,0.68334597
1.01502673,-0.47378415,0.78022139,0.77828841,-3.36873718,1.35137644,-0.89839057,1.48509810,-2.00171671,0.14442874
1.01288898,-0.50692676,-1.50909052,0.60446121,-1.59317267,0.39438672,-0.30814305,-2.81168616,0.15590800,-0.26344179
-0.86717993,-2.47519474,-0.39763706,-1.26295437,0.33471412,1.00431846,-0.24955810,1.72604661,0.78064064,-1.25751996
0.12945945,-0.85102822,-1.57708441,0.86640919,1.76479108,1.00219303,0.61448669,0.03286235,1.29395713,1.38484351
0.95833349,-2.58348427,-0.99114101,-1.47353369,-1.17191761,-2.08891274,0.21843757,-1.90713232,0.39218941,-0.36431686
-0.13249045,-0.71147729,0.76214763,0.36079853,-1.77938771,2.73828473,0.58625079,-1.67146904,0.20841094,-0.28061609
0.31393250,-0.40001732,0.26687836,-0.71749023,2.04457419,0.16800908,0.11285965,2.31820420,-1.74310631,2.11593992
0.97650387,0.72187939,0.28203685,-1.17191717,-1.40606086,2.61755867,0.77973095,-0.69143676,-2.57157063,1.14834481
0.86925487,-2.54113101,-0.01241417,2.21353478,0.09165734,-0.36105289,-0.70345562,0.42994658,0.71972024,0.56994958
0.88440671,-1.79459282,-0.28279040,-1.06317042,-0.32458653,0.15555974,-0.74484093,-2.86515645,1.39287065,-0.41339950
0.74215928,0.23378702,-1.05505698,-1.57159598,-2.18975110,1.76057848,0.76164198,0.77061591,-0.44377795,-0.13582306
-0.02080641,-0.89926060,-0.34103653,-1.13036381,-0.75528854,-0.07756480,-2.18509114,-3.69407703,1.79862393,-0.66143450
-1.16282370,-2.04686807,-1.35504666,1.09401934,-1.28941964,-0.54687365,-0.55411740,-2.55282116,2.85776039,-1.15494293
0.97096375,-0.82782791,-0.47895018,-0.02403385,-1.50294480,2.94245742,0.63566880,2.38378623,0.25379650,0.33389821
1.61912054,-0.02619366,-1.32347334,0.29919716,0.47954006,-0.28232771,-1.12190967,0.16162977,-1.58846953,1.65164574
-2.03473053,-0.66195591,-1.12347712,1.77693653,-0.48821468,3.97547326,2.60976580,-3.55006237,0.49414998,-2.10005828
0.25201639,0.20331193,-0.56048328,-0.14178288,-2.05776986,1.86491419,0.49806500,0.92713715,-0.76710681,0.54250660
1.09639851,-0.88740895,-2.49487972,1.13673225,1.81869840,2.84347334,0.51670964,1.89762554,1.02429693,1.57175638
0.20648300,-1.72558470,-1.30622260,-0.45491168,0.06158831,-0.10828851,0.25784757,-0.56141990,-0.09081169,0.70780962
-0.01856628,-0.57663639,0.49821245,1.45750784,-1.01853276,-0.79606014,-1.52713444,-0.05489298,1.24338897,-0.34003924
-0.37398445,-0.73195348,0.21292139,-1.31359945,-1.52386466,1.68586748,0.66870998,1.05951222,-0.61732385,0.35761198
1.04007253,-0.86958491,-0.06157889,-1.17650643,-0.99448556,1.17176210,0.85115800,1.30663070,0.35705877,-0.37833741
-1.77898126,0.23180623,0.97041505,-1.48163198,0.20423281,0.36474355,-0.13552675,-0.27463397,-3.08273229,-2.55262628
0.51935395,0.83582084,-1.48064945,0.45498189,-0.07495965,1.02941366,-0.52223343,-0.46494722,-1.86393326,-0.93741493
0.01771795,0.30831795,-1.59873435,0.67279369,0.25036900,2.12431917,-0.65771990,0.04600402,-2.48463027,1.54809024
-0.70683095,0.02688258,-0.04065332,-0.10526923,-0.66129899,0.96984667,0.32400643,-0.60716865,-0.49560126,-0.71945131
1.84867025,-0.54983096,-0.79242371,0.19594986,-1.15546642,0.81045561,-0.24120331,-0.60533584,-0.40946791,0.96615562
1.36437054,0.27955325,0.30556602,-0.03320542,-4.63379390,1.95754406,1.37211826,0.29864530,-1.56178914,0.37568803
0.92152271,-0.43792479,-1.41140025,0.38681668,0.59885035,0.32190325,-2.02837048,-1.97231571,-1.10102802,1.34438818
0.89313182,-1.15996728,0.93559887,0.17217430,1.21131221,0.06675756,0.08486769,-2.68791421,0.82172101,0.36117687
-0.44872263,-0.27337205,-0.95156957,1.40722688,-1.84085431,0.55985326,0.96119448,-2.48950583,-2.58525613,-0.90741177
-0.64267295,-1.22312595,0.38295802,-1.76791348,-2.66435642,-0.50573178,-1.81024975,-1.65120610,1.54493444,0.54805025
-0.66580069,-0.81061121,0.16413089,-1.12230025,-0.98340717,0.72386750,0.96435468,-2.34204473,0.37811825,0.10005380
-2.15776305,-1.31619213,-0.65133028,-1.21541545,0.15434632,2.68543988,0.73814978,-1.21288234,1.07198814,-0.56065408
2.72253574,-0.84890339,-1.09517981,-0.89314361,-1.51689464,2.85153407,1.14680986,1.79269552,0.91819865,-0.64080816
0.19444816,1.38019477,-1.37614218,-1.79612026,0.67327175,1.74602461,0.32220163,-1.20535988,-1.67285727,0.05198169
1.60695411,-0.19656187,-1.46128592,0.33968748,0.08556062,1.47229210,0.35757880,-0.67107876,-2.82344038,1.36215410
0.00318784,-1.93354253,-0.23446976,-0.43978755,-1.10633493,0.13280529,-0.19178295,-0.45520542,0.14490938,-1.94944548
0.50053008,0.90618049,-2.65948344,0.58604832,-0.10579559,1.49376324,0.61887946,-0.20173745,-1.78438188,1.40564033
2.31133227,-1.39450188,-1.05430668,0.04605262,-2.00542209,0.79472968,0.13272638,-0.30333098,1.70547550,-0.68576247
1.44179622,-2.24880089,-0.72140549,-2.71543742,0.66166697,1.24465233,-0.42130696,-1.93183819,2.20597654,-0.25892941
-1.30226734,0.22912240,-2.50989021,0.64920645,-1.43567257,0.41934032,-0.22955159,0.43433377,-0.28882126,0.64716276
-0.02883847,0.04160015,0.28380477,-0.44928844,-2.74967084,-1.30894852,-0.51873061,-0.84300441,-2.40348051,0.16383742
0.38131583,-0.71334554,0.80000234,-0.19302753,-0.12537997,-0.36338663,-0.27396023,2.25561370,-0.65204996,0.90513378
-0.35757945,-2.57237678,0.46733197,0.38023646,-0.18485371,3.38885310,0.77236741,0.79043535,-2.07020862,-1.12786524
0.58782924,-1.56388263,-1.97368561,2.42096457,1.79259164,0.91367268,-0.02111236,0.05906346,1.56548547,0.61878510
-0.71351711,-0.34921569,0.64525805,-1.12120696,-0.16781138,-0.18022728,-0.21744119,-0.06578051,-1.40956927,-0.56128925
0.74653249,-0.80591250,-1.91138507,1.92912806,-0.70454600,0.22283075,-0.40496223,-1.33056094,0.52989088,-0.67352376
1.49276065,-0.16776335,-0.23274807,-1.98573286,-1.53717569,0.60881383,-1.45732858,0.32148795,-0.86081499,0.07261430
0.62793474,0.78966647,-0.30813382,-0.56054118,-1.18691346,2.82241015,1.36539449,0.27803284,-2.17790169,-0.69540417
-2.55990133,-1.47743106,-2.04784257,1.89621936,-0.08763114,3.27337755,1.33878295,1.89501812,3.10270639,0.05971013
0.81753435,-0.12325794,1.43211239,1.83102112,-1.79967595,1.06246835,0.31659742,-0.68084631,-0.96372026,-0.10910222
0.30996501,-1.83977109,-0.92223954,-0.44983793,-0.51684792,1.08686968,1.32070900,-0.07687961,-0.67980505,-0.39137740
-1.34590490,-0.72126339,1.52722210,1.36737017,-1.23230351,-0.04215310,-0.17253203,2.36716400,-0.85677332,0.04612800
-0.85810772,-1.37066996,0.06746830,1.04485017,0.19810621,0.39241219,0.64327284,0.97024341,1.82359176,-1.44388923
1.71041229,-1.91482848,0.73141966,-1.33246073,0.11390875,0.53171660,-0.29403844,-1.17811708,0.58790529,-1.66519447
2.30272900,-1.09869116,0.87964874,-0.22648443,2.71601051,-1.62620226,-0.45129849,-1.33143487,-1.58591803,1.05394939
2.66169245,0.21838950,0.82296159,0.76945644,-0.76458256,2.15697307,0.06268869,-1.45032582,-2.31116082,0.07972693
0.84215406,-0.93237367,0.28480914,-1.58440492,-0.73249230,0.62914245,0.38684060,-1.63072465,1.46956387,-0.82340738
1.16248277,-0.12302825,-0.34663846,-0.41812796,-0.70605052,-0.95633854,-0.85880321,-0.45940679,-1.45827948,-1.28005765
0.64213582,0.16103785,-1.32042332,-0.37339000,1.73798689,0.92752419,-2.62294743,-1.44302783,-0.42642078,-1.89498841
0.02510275,-0.32876764,-0.28917459,-0.46822663,1.26440984,-0.49237315,-0.68626815,1.11196856,-0.00790470,1.63807397
2.07698094,-2.26526386,-0.24878983,-2.45381671,-2.23129997,0.82647522,0.26516280,0.87391264,-2.20140610,-0.66839253
-0.86539093,-2.27233060,-3.03238039,0.22796575,0.91779046,-0.30101723,-0.60475448,1.21299698,0.62316257,0.57267110
-2.19072585,-3.01137690,-0.06686412,1.04727004,-0.29118205,0.73846405,2.19374796,-1.15973733,-0.36082118,-2.51940826
0.33913019,-0.56580296,-0.49966336,-1.70871221,-3.16510389,1.43876441,-0.41207097,1.05375786,0.18166092,0.85906351
0.35663338,-1.78067993,-1.30532042,1.81068500,-0.28747101,2.82018575,2.20557174,-0.20611928,1.36884244,0.35266771
0.53180115,-0.76586513,0.00131644,1.41823900,0.00116256,1.01061357,0.46616663,-0.42319175,0.57587899,-2.19878414
-0.28489686,-0.84889509,0.49368650,-1.22222183,-0.46081470,1.70801464,1.44065242,2.36844513,-0.45508267,-0.26821332
2.82365794,0.17472322,-0.01055604,0.03699322,-1.32803092,1.20035939,0.67924577,1.36972018,-2.24503019,-0.70524966
-1.53373829,0.75665007,0.67577532,-1.00815159,-2.38376774,1.16143886,0.47279351,-0.09455756,-2.46956724,0.44352139
0.42002262,0.31508786,-1.16205475,-0.35299989,-1.27295981,-0.23111293,-0.46406135,-3.32646176,-3.02818029,2.17819708
-0.68391016,-2.49486958,0.04027582,-2.11572115,-1.03095498,-0.46130253,-1.74286461,-0.39809402,0.55632458,-1.34558254
-0.53685209,-0.71644286,-0.30914044,1.05283732,-2.89461547,0.04128538,-0.12572372,0.35903864,1.08391630,0.60828883
0.77584995,-0.93941387,0.47296582,1.21395143,-2.40522962,2.42918734,1.19510755,1.78871525,1.35094504,-0.16517217
0.27413588,-1.46659634,-1.34610422,0.47961857,4.04959757,-1.56607516,-1.74045467,1.38919247,-1.03984636,1.38820089
-1.59950585,0.25797719,-0.36012000,-0.52608147,1.61028975,3.18644809,0.15931977,-3.02096200,-2.35656168,-0.94914183
-1.84163679,1.43548875,1.02406370,-0.33907858,-0.53824240,1.62033007,0.10375047,0.47323772,-1.55302480,-0.56532615
-0.98696379,-0.70831265,-1.51415151,2.17732470,-0.44628091,0.07426873,-0.16676502,-0.71406262,0.87223104,-0.18189011
-0.34630299,-2.22413988,-0.54452245,-0.42690927,-0.32274281,1.14001456,0.54271933,-0.25863087,-0.48584276,-0.12927632
-1.04153738,-0.97663446,0.45061330,-0.46533840,-1.69598118,0.84442824,-0.80006292,0.06411886,0.93946636,-0.55590695
-0.28535198,-1.34650477,-1.54516510,2.08794187,-0.16861563,2.46530852,1.06477572,-2.01726994,1.48906397,-0.01839751
-1.05316464,0.53929790,0.82234967,-3.69460016,-0.99499978,1.02933874,-1.66705860,1.16360700,-2.52052925,0.63589328
-0.11344784,-1.44811354,-1.62767114,0.23711406,-1.05587553,1.14183090,0.13772453,-0.60618461,0.16485119,0.73399204
-1.94318714,-1.41108532,0.97289316,-2.17770901,-0.35888668,0.75462999,0.36495292,0.51189562,0.40611029,0.16564918
1.21898490,-0.65937635,-1.36686381,-0.86600089,-2.86758934,-0.96919576,-1.69018843,-1.37675801,1.99319985,0.71257965
0.69164925,-2.39606183,-0.96382880,-0.24110967,0.37336775,-0.43117704,-0.07224054,0.28208811,0.49009689,0.81905334
0.82818599,0.06785461,-0.19978024,-0.39439023,0.87998692,2.02871612,1.79894988,0.85405004,-1.74083722,-1.09312065
-1.47915844,-1.50449183,-1.09697513,1.43808156,1.02028851,-0.92595815,-1.32195019,0.45684310,3.73891583,0.33281413
-2.51200032,-0.34886911,-1.44886654,0.09360553,-0.04300173,1.15054623,0.98904026,-0.38659670,-0.67785045,0.50246749
0.32607922,-1.65998240,-1.42826435,2.15603901,1.03267580,0.61411286,0.33941110,-0.07125520,1.22904595,-0.65208238
1.45611127,-0.17351344,-0.77195380,-0.76418256,-2.06343859,1.23825472,1.16372305,1.75516224,-1.62716519,0.55317464
1.20219555,-0.05480089,-1.60247738,2.15427211,-1.30574384,1.38873490,-0.06407822,0.85483420,-1.01106409,-1.09326519
0.13451588,-0.35144385,0.92635988,-0.74787184,-0.09066537,1.68758102,0.27396287,0.53570965,-0.81722040,0.66657186
-0.32362160,-2.47943304,-1.36228562,2.15576686,0.74368479,-0.81380882,-1.23565972,-0.59398145,-0.33563067,1.70218652
0.18843855,-1.26748374,-0.89969160,-0.14375475,-2.20526970,-0.31292130,-1.79103698,-0.03721177,1.48782516,-0.00338760
-0.00704076,-0.92038790,0.01733916,-0.29789582,-0.12860288,0.17925742,-0.00469633,-0.71821521,0.41562819,-1.27941451
0.95790037,0.77600902,-1.91675317,1.28108674,0.24027277,-0.56845793,0.04582228,1.07910079,0.74767078,-1.09950194
1.86769857,0.69908276,0.24442745,-0.19649884,-0.82881946,1.13576521,-0.58200073,0.56161042,-2.52606547,-0.30101085
1.21613966,-1.86146774,0.19075514,0.84673325,2.11039334,3.24020770,1.21628541,1.31348631,0.22399949,1.71805407
0.24705357,-2.17967518,-0.41767700,-1.67433158,-0.89060163,3.01383488,-1.15174583,0.49823122,0.00586396,-0.51341108
-0.40252860,-0.09746443,-0.24944405,-1.05429386,-0.79450773,1.65334821,0.70959897,-1.22804002,-2.53408555,-0.09371352
-0.06158161,-0.87313218,-0.82620936,1.73231075,-1.26114793,0.99818697,0.02582776,-2.78529596,0.88380959,-0.97370113
0.05609634,0.46566730,0.00183117,-0.94977772,1.67242248,1.64456588,2.05675351,1.98842601,-1.77243153,-0.99012196
0.72735638,-1.29697565,-1.13542750,1.79102939,-0.85101661,-0.64824644,-2.35254078,0.11259761,1.54133606,-0.34185778
-0.03376651,-0.55949208,0.05214351,-0.38203465,-3.50246057,0.52631022,1.53606230,0.25566016,1.70728575,0.15864457
1.43510119,0.42214384,0.23131097,-1.90820278,1.09882057,2.07069480,0.79293143,-0.66819740,-2.69293091,1.72819557
1.07984879,-1.64547374,-1.68662073,1.30164303,1.39558366,0.88813722,1.40348208,-0.46647324,0.92379309,1.20504708
-0.47335945,0.08908947,-0.33674595,-2.08254172,-3.03524490,-0.76985628,-0.45791023,-3.41694896,-3.44350427,0.15932134
0.71790071,1.99183385,-1.27554195,-0.12827478,-1.35008669,1.20797079,0.08292383,-0.73234085,-0.68507108,-0.11894613
-3.21638507,0.02570903,-0.10773315,0.37118199,0.73837619,3.51423463,0.89726946,2.30200059,0.46626675,1.32019445
1.30226326,-1.29366490,-0.30259505,-1.08814491,-2.40393522,0.11871452,0.26114858,-2.55086961,0.28076142,-0.77292257
-0.00350132,0.71371836,-0.40019099,-2.02432518,-2.32731591,2.31350580,0.40695307,-1.16051791,-1.82646357,0.00853135
3.04991314,-0.71781510,1.76756687,2.43159695,-0.51960669,-3.11733085,-0.31835282,-0.06681569,0.43020148,0.11271969
-1.01519939,-0.30022902,-0.38955265,-1.62263784,-2.36053360,2.23239406,1.50032230,-0.44029407,-0.88481267,0.32121956
-0.23166743,-2.62730785,-2.46263549,3.05684590,-1.57030196,3.13285791,0.27565195,0.23366300,2.00546925,2.57202054
-0.02350512,-0.04851271,-1.51587368,-0.15566482,0.83866130,0.63554328,0.96105651,0.91919915,-1.03003770,-2.82903926
-0.48167253,-2.05713489,-2.43796744,-1.76304978,0.97758101,2.92749977,0.43717789,0.70829491,-0.31102458,0.62822966
-1.49867927,0.45690846,-1.82947514,-1.20822722,1.02203791,1.48574133,0.42857183,1.37113556,-1.28340221,1.89910344
-0.83800146,-1.86314394,0.16194595,-1.61002542,-0.84245496,1.12059642,0.34297013,-1.33892269,1.17087403,-1.15838521
-0.40039190,-2.31716687,1.94429169,0.68798677,2.47915004,0.40538515,-0.81818090,0.71191866,0.74581257,0.38458349
-0.57814178,-1.88266680,0.52261709,-0.90862185,-1.51383814,0.46825602,-1.26086759,1.93442205,-1.40001952,-2.67390857
-0.78272340,-0.75286050,-1.31846981,0.27911873,-0.53199210,2.34861844,1.12479619,-1.46398234,0.49809718,-1.83113970
-1.06353510,0.03063241,0.06508873,0.15195525,-1.36943639,0.38709480,-0.10800259,0.02242521,-1.31561465,-0.82745922
-0.55201230,-0.53666661,-0.30257722,-1.09731015,-2.42337470,0.50380514,-0.48976527,-0.50642744,-1.89066925,-0.51088241
0.59807314,0.68852636,-1.40626100,-0.24139405,-1.14519695,1.85724208,0.27452656,0.25864138,-0.05852166,0.48973006
0.28904210,-0.99122222,-0.65753469,-0.17701906,-0.45837144,2.70144301,0.43518245,-0.37764337,0.04755657,1.63565079
-0.17125994,0.99117584,-1.00194775,-0.68652693,2.26675009,1.29242585,1.56869330,0.49440492,-0.66000473,-1.31874941
-0.18345818,-1.76311968,0.53018996,0.31023228,-0.63500296,-0.18700125,0.00188277,-1.64977030,1.63476784,-1.39920301
-0.08069901,-2.45035164,0.64220010,-1.89058794,-1.69470081,0.15791611,-0.08423829,-0.48377792,-0.06504651,-1.23818943
0.93628708,-1.80653897,-0.17400766,-1.91548528,0.59298661,1.10693720,-0.04995918,-0.39437340,0.65513572,-0.55003223
-1.25090353,-0.38368849,-0.47235262,-1.99293455,-0.91242797,1.73641203,1.18508162,1.26225952,-2.39913057,-0.15389100
0.43362973,-0.88791306,-1.67447484,0.53770158,-1.94075886,-0.72831361,-0.20900007,-0.24716209,-0.04444776,-1.28222792
-0.15402261,-1.48171094,1.60653872,2.48717789,-0.23581879,0.39069687,1.49209927,-1.07130087,-0.31871353,-1.01692018
0.09955814,1.35656500,-0.68453298,-0.26403052,-0.84850654,2.72459215,1.05613005,-0.35985516,-1.83915576,-1.03270378
2.02292176,-3.11116022,-0.64098643,-0.19414729,1.05928373,1.00512418,-0.32677244,-0.10914657,-0.47659272,-0.79112437
-0.20871785,0.79270314,0.03948741,-1.22662796,-1.10731918,1.41246025,-1.24072519,-1.65704207,-2.66524333,0.15460068
2.12058395,-0.59889623,-1.02250387,-0.43111702,-0.86206373,-0.80393094,-1.23906527,0.82264851,-0.48659997,-0.52824517
-0.33078666,-0.87117306,1.01723906,-0.46711937,-0.93573808,0.73452533,-0.80593038,-0.41798179,-0.82739798,-0.20345154
1.22151557,1.20350090,-1.78803298,0.24599265,-2.11346057,1.86645604,-0.07234565,-0.75021128,-0.91998686,-0.54597440
-0.40249305,-0.15432939,-1.37446021,2.49991836,-1.51006468,-0.68612649,-0.28391906,-1.46456092,-1.84372165,-1.17380709
0.66102270,-1.23881099,0.13770154,0.98180310,2.28538267,0.72754669,0.77640409,0.28034125,1.44559147,1.01785538
0.11307538,-1.53596050,-0.32271914,-0.26042354,-1.11997634,0.51613591,-1.08103368,-0.29461602,-0.33024107,0.41212997
2.39015239,-0.38559562,-0.55224637,1.91920290,0.01541323,0.11519613,-1.41899621,-0.39519016,-0.02386938,-0.68986471
-0.64669449,0.30476972,0.31948089,0.31426640,-0.87279427,2.79433177,0.80623347,-1.19734542,-0.56011478,-0.83660847
0.86641016,-0.99689875,1.70749210,0.13969349,-1.47983949,3.04063207,1.12962467,2.29439921,0.79972576,-0.53460743
0.37160216,1.16567552,-3.77701991,-2.64067214,-0.19054996,2.28009316,-0.01215837,0.22476738,-4.90309182,1.13846359
-0.49572693,-1.32643837,-0.16774361,-0.37236458,-0.85759456,1.79031693,0.06747506,-0.32594385,1.45987317,0.47932641
0.04222720,-0.75945621,-0.78573276,-1.47639036,-0.06620854,1.70154364,1.06781382,0.28302089,-0.12965978,0.72554006
1.22832980,-0.35238073,0.59832632,0.43351959,-0.45628490,1.22863347,0.23776327,-1.77960124,-0.31464803,1.42486843
-1.02684391,-0.41058803,-2.70683981,1.77747958,-0.20331127,2.19680087,0.68249076,2.11175825,-0.38324033,-1.29883778
0.70184567,-0.66435641,-0.85018328,-0.93027871,-0.08771172,1.96503923,0.28346049,0.27243964,-0.08458161,1.02689523
-0.77523202,-1.22601694,1.01250971,0.17305393,1.21578372,0.78172181,-0.69068513,-0.79385658,0.80037145,0.86166398
1.04981100,-0.73654607,0.55531420,1.94484540,-0.39826107,1.27907834,-0.66673372,1.14873485,-0.92549799,-1.61521262
1.14944576,0.65786319,0.25031126,-0.32034420,1.97249848,1.47708927,-0.99540917,0.23104361,-0.98745980,-0.80354368
-1.16638446,-2.42573521,-0.43421927,-0.98235091,1.75657306,0.29127509,-0.59386249,0.75783737,1.13839846,0.60115615
2.35911265,-1.48414635,-1.88331172,2.80508483,0.34827230,-0.21484660,-0.11197843,-1.11785380,1.23370707,-0.56456362
0.90395196,-0.82065553,0.61771832,0.35384972,-0.34719307,1.39358689,0.50318711,0.20854019,-0.94340206,0.03657708
1.03228348,-0.16446015,0.94162385,0.96913620,-0.95033208,1.66113951,0.00319323,-1.00846671,-0.65961681,0.96227542
0.99584016,-0.94329235,0.83020991,-0.89036786,-1.43178359,-1.05868661,-0.14348454,-0.20014199,2.33307052,-0.48499060
-0.34202437,0.57766606,0.60911311,-2.54786753,-3.16869679,1.24914564,0.97873812,-0.29116769,-2.90972830,0.97476755
0.14675877,-1.23519140,-0.78564652,2.37880221,-1.22614251,-1.71310450,-1.09903998,-2.72801212,-0.30333724,-0.72745821
1.26229125,-1.04523838,-0.64945023,0.29639572,0.00331655,-0.01595904,0.64113150,0.95294184,1.07243413,-0.40486661
0.91904001,1.16408737,-0.16217118,-0.80366506,-0.74222085,2.31339550,1.05533542,0.26808232,-0.56413730,0.96449473
1.52537459,-1.62229061,-0.03211082,0.58248819,1.60141617,0.20685656,-0.39647626,-1.86685284,1.39732046,0.21573078
-0.63935095,-2.25951270,0.65870920,-0.09360903,1.47119810,0.59206140,-0.81250475,-0.04365286,-0.15468207,0.11315315
-0.23068854,0.31524307,-0.79795872,-0.69009544,-0.31129791,1.56595541,0.49041013,-0.29266089,-1.53371786,-0.64070652
1.33734919,-1.37911620,-1.01727297,1.77073273,0.03153258,-0.17133921,-1.76942507,0.22000099,1.63026825,0.19252651
0.61172284,0.64539705,0.54682668,-2.63820658,-0.90877522,1.95950025,0.54133162,1.94468171,-1.04865249,0.68886795
-0.27482899,0.20460403,-0.19063187,0.36587592,-1.93365819,-0.89256943,-1.29060708,0.19350536,-2.60461652,-0.27107025
0.13174508,-2.64718785,-0.16659468,-0.95817105,2.09417697,-1.69983653,-0.77863359,0.04657372,1.31801570,0.82148651
1.21192862,-1.98593418,-1.44281472,0.90165990,-0.34969955,0.50375245,-0.58336451,-1.28657549,0.92636793,0.11033049
-0.72769676,-0.88474525,-0.98756597,-0.60351057,-0.96183164,0.76051925,0.23391053,-0.78511998,-0.92812263,-2.98382683
-0.78078197,-0.45335998,-0.86965839,0.55530970,-0.06404662,2.57138408,-0.24333066,-0.50591870,-0.31895223,1.39519576
0.99132133,-1.19727054,0.12822773,-0.79949475,-0.14681590,-0.78843396,-0.87344654,-1.45695304,0.10725879,0.46474186
0.81794530,-1.77655173,0.38148568,0.29097632,-0.46555827,0.17038399,-2.35063798,2.11568667,0.03312558,-1.04133722
-0.03000894,1.25066619,0.22902769,0.02143917,-0.02845347,3.58050922,1.61728101,0.92449903,-1.45679440,-1.45987853
0.65084020,-0.92828955,0.41349864,-1.19104217,-0.06230186,1.16591986,0.06458847,-1.27792223,1.18770724,-1.08189743
0.21911690,0.00003222,-1.20379493,1.18050681,-0.65807062,0.91873877,-0.48139455,-1.41812222,0.45750410,-1.14089217
-0.22296804,-0.79191540,0.46704546,1.38084168,-0.42111753,-0.44236103,-1.19792616,-2.05094069,-1.93941531,-1.18117279
-0.93814480,-1.86509781,0.00608444,-0.65965897,-0.76056281,0.56053323,-1.55581848,0.24588331,0.41105080,-0.20820868
1.94484423,-0.29662135,-1.51624955,-1.83314705,-1.02436568,-0.58237373,-1.03905926,0.65373473,-2.18913797,0.70634219
0.94046570,-1.13362219,-1.65999295,0.51259948,-0.76980065,1.62460113,0.91228293,0.50049461,0.13574220,0.26769072
0.62953243,-1.20786673,1.48671935,-0.82151793,0.26753594,0.37131074,-2.11978967,-0.23522843,-0.32736914,-1.17794545
3.05160121,0.54741654,-0.60509608,-1.21310272,0.19733389,-0.04650680,-0.20412647,0.58133308,-2.01490641,1.95956317
0.16509027,-0.76796732,-1.32991880,0.57649977,-0.23644516,-0.32853706,-0.34547014,-0.25287199,-1.59171632,-1.89745340
-1.27471528,0.14801376,-0.39153400,-1.79693814,-3.56800253,2.82022932,1.92469633,-1.85881085,-1.44982611,0.08897624
0.78031663,-1.80670665,0.73381386,-0.70026422,-1.51825981,0.08908151,0.28308389,-1.44138397,0.39956397,-1.18895344
-0.32242247,-1.66810026,-1.01844838,-0.06096797,1.24834897,0.97531767,-0.76608279,0.78371680,2.39320460,-0.06636342
0.10545624,0.78481789,0.82610704,0.56143313,-0.57051405,2.96010976,1.74087460,-0.01049593,-1.99970587,-0.76776234
-0.14945726,-0.90720423,-1.12589591,1.16557594,-0.42034984,0.10915250,-0.76886301,-3.62427070,-0.65981007,1.61708709
-0.20651033,-0.82249839,-1.20816733,2.47537762,-1.36398975,1.65333101,0.69216393,-0.42328029,0.97944694,-0.56528438
-1.33651035,-0.99840627,-0.28141740,0.04126715,1.51557561,3.22813230,0.13449370,-0.37015798,0.04659713,1.32542062
-0.11499770,-1.53983577,-0.72197730,2.51851515,0.74865320,1.55347385,0.06757693,-2.31194515,1.26944079,-1.94691422
0.28820874,-1.63830575,-1.07590694,1.85234436,-0.29024960,0.04345545,-0.63863217,-0.56531870,0.60088347,-1.30896064
-0.07257085,-1.84103068,0.64347227,0.73424305,2.10474772,0.87692556,-0.16064068,-2.48362115,-0.53742264,0.47300485
-0.09720331,-0.46912946,0.34769094,1.17170124,-0.05554291,2.05459529,0.41689356,-1.37673516,0.51099059,-1.54613825
1.69826385,-2.43852094,-0.23186276,0.57163009,-0.31565598,-0.05008011,-1.52000290,-1.74611945,-0.22863328,0.08723373
0.24483001,-2.76841009,-2.61886281,-0.18376536,1.77016475,-0.14340028,-1.85044895,-0.30261662,-0.56639182,1.23887320
0.72198146,-0.81546419,0.63731660,1.73474505,0.25522670,-1.80514210,-0.71541683,0.41254506,-0.06922177,-1.08102576
-0.17661965,-0.36306901,-0.15460654,-1.02407451,-2.55673009,2.44115117,0.74781369,-1.91997587,-2.35135962,-0.06556396
1.12503870,0.33678104,-0.31515094,-0.37382851,-2.16173160,-1.41304008,-1.01194954,-0.52819358,-1.99607547,-0.43123849
-0.36240712,-2.56168090,0.06658504,0.45577817,-1.96689731,-0.18969823,-0.46326455,-0.18584244,1.55868486,-0.87390077
2.34110257,0.25069089,0.10432295,-0.99653115,-1.31316751,1.98211334,0.73456433,0.70825280,-3.21931143,-0.81662360
1.12666919,-0.74705208,0.57312786,-0.25497125,-0.33963558,1.21012144,2.18795527,1.45168567,0.62533147,-0.70852616
0.99889949,-0.35570011,0.32767980,0.30217342,-3.24075239,0.81860035,0.02829098,-0.81735231,0.05294352,-0.17844223
0.55088385,-0.64952742,0.55705156,-1.48918928,-1.82119662,-0.76814312,-0.26157446,0.28101060,-1.22089499,0.41785907
0.34211800,-1.56033735,-1.27357343,2.18662622,-0.67117901,0.87827202,-2.54628768,2.67283255,0.44406545,-1.39614221
1.37931536,-0.08136533,-1.32212242,0.23071531,-1.89723249,-1.01812053,-0.43315829,1.72410478,-0.53409299,-0.04976223
0.58970443,-1.16034943,-0.49188822,0.38048474,-0.54121248,0.92458001,0.18344859,-1.19328153,1.22435203,-2.10427935
0.11546468,-1.10482078,1.06514483,1.39551654,-1.60464132,1.76924497,0.13831155,-0.01502348,0.63749496,-0.10268081
1.14385472,-0.18863925,-1.18981752,0.83873233,-1.65622221,2.89814292,0.41579120,0.40978050,-2.45029564,-0.24583336
1.04127081,-0.84296657,0.05905769,0.70404768,0.06673258,-0.11966163,-0.50873265,-0.79388352,-0.28286953,-0.71586415
-0.20894682,1.03747761,-1.53118529,2.04563234,0.71302838,1.98428523,0.05439040,-1.93146475,-1.33801665,-0.43140384
0.50357736,-1.35310782,-0.28775039,-0.59697050,0.00314659,-0.35910509,-1.37120966,0.06215102,0.39614099,-0.16965773
-0.72103250,1.28657571,-0.22154706,0.23470358,-0.37371877,2.23725539,0.72067465,-1.39863459,-0.75377986,-0.07507197
1.05035596,-1.02746862,0.08307949,0.00548862,-0.09834614,-2.09943184,-1.08443864,-1.70469766,0.61440557,-0.75960902
-0.78151133,0.61679320,1.25491516,-1.51862367,-2.71237027,2.44216450,0.55210800,0.37741106,-2.66000750,0.18531948
-0.85446121,-0.48831926,0.39871632,-0.89590041,-1.36023195,0.75993105,0.08549966,-0.35252970,-0.36412640,-0.66327165
1.19916375,-0.72902416,-1.44576937,-0.65677736,-3.37370464,1.05468220,0.25572939,0.79518422,-0.63437522,-0.36583630
-0.69033948,1.01030257,-0.51306968,-1.09274275,0.02256975,1.54916252,-0.24779757,0.19890885,0.48423616,-1.06041967
-1.15373668,0.01442867,-0.11182161,-1.59212332,-0.16297158,2.75047509,0.27573115,-1.25733020,0.48761279,-0.75032329
1.32780475,-1.73320844,-0.41482833,-1.86606694,-0.45716148,1.20118973,0.00885952,-0.85725494,1.47196847,-0.30426219
2.09976101,-0.33225522,-0.01372237,0.98812001,-1.16017645,-1.47335134,-0.95712008,1.91940659,-0.59354623,-0.47113187
-0.17252615,-1.82535495,-1.79758101,1.91271624,0.91938282,0.53607196,-0.79939058,-0.02429322,0.95338904,1.00537291
-0.53145417,0.85911964,-1.00760532,-0.22106247,0.04111991,3.34911568,1.12771050,0.98103408,-0.52003730,0.35861140
1.20989433,-1.03463124,-1.94723639,1.06233312,-0.63437344,-0.63282613,-1.94711277,2.73473814,0.75052321,-0.26647721
2.42645321,-0.63648984,-1.38501227,0.09250248,-0.00632257,-0.60323314,-0.17584877,-0.01783848,-1.75644689,1.27943442
-0.68408339,-2.93174523,-0.94376550,0.13067477,0.99394322,0.85877022,0.29799594,0.41528902,0.73785810,1.14799072
0.74885044,-0.57771421,0.37655775,-0.31284825,-0.78619762,-0.31435439,-0.45251821,1.65029935,-1.17906126,-1.35462940
1.02161012,2.53993203,-0.41867468,-1.79684823,-1.26372370,2.08390425,0.60807050,0.39993890,-0.36991004,-0.28509764
0.02017221,0.79908786,0.08883918,0.13208751,0.33367806,2.23625383,0.40007419,-4.63390857,-0.44821569,-1.01671250
0.99501056,-0.18904736,-0.89824189,-0.76072307,-2.44426541,-1.94930343,-2.10403350,0.77623055,-0.10037965,0.81022713
-1.38593616,0.46729828,-0.40213294,-0.61005407,-2.38136459,1.13658886,0.39818203,0.19744413,-2.56572698,0.20457263
-0.09967474,1.26346602,0.26514757,0.17088226,-1.49475039,2.40338922,0.61842336,-0.19734449,-1.96274898,-0.22875104
-1.61765306,-1.82843981,-1.32474114,0.76623374,0.58096076,2.41030182,-0.17278917,0.23850339,1.76722164,1.00374384
0.83700245,-1.70337493,-0.77798916,1.38650900,-0.12188448,1.87847098,0.22316201,1.00942912,0.55380013,-0.13884321
-0.14630069,-1.01110710,-1.10874788,0.79185670,-0.77762572,-0.31888065,-0.43951336,-1.41038940,-0.66170596,-1.67559395
-0.28982481,-1.03400482,0.03668364,-2.22818617,0.74843609,2.41078807,0.89609731,1.31649754,-0.30561392,0.56049746
0.35543540,0.68593065,-0.99592417,1.02279735,-0.22175459,0.24538678,-0.36046631,-0.70909241,-3.73538344,-0.51898432
0.42110700,-0.28456361,-3.96928566,0.57472855,-1.11831769,1.81788260,0.22855095,0.23240449,-0.84780488,-0.22253993
0.20285210,1.66892592,-1.67265077,-0.00190380,-1.90807043,1.20569708,0.28688203,-1.55820629,-0.65128333,0.37005944
2.73196870,0.05059403,-0.50815805,-2.91005513,-1.19755244,1.69068737,-2.31634920,0.85209195,-0.70754403,-0.44117328
0.43206078,0.27771509,-1.10291231,0.81669761,0.78963156,-1.34975058,-0.42611776,0.49416430,-1.80946103,-1.14497506
-1.39226149,-0.17028077,-1.36178624,-0.22296155,-2.92053339,2.05010174,1.87671889,-0.22218776,-0.44441271,-0.69081179
0.40082873,-0.73766757,-1.90199858,1.31714466,-2.52966514,1.80101961,0.15479787,0.59621064,0.58502359,0.31575613
-0.34441475,-4.14114011,-0.29755547,-2.33300193,-1.25036031,0.29673838,-0.03940602,1.22720014,0.65884727,-1.62771290
1.55567127,1.83272594,-1.39618942,1.21810587,-0.46614362,-0.92220719,0.04102944,-0.09889058,0.16042590,0.31845673
-0.09546928,-1.34303142,-1.99561755,2.41428338,-1.36337553,0.20209965,-0.74184751,-0.07956032,0.07984725,-0.59332994
1.90484653,1.50274468,-1.20269772,0.22878669,0.15043110,-1.43758933,-0.80459494,0.49793441,-1.29528595,-1.28739823
-0.96243111,0.58739321,-0.82053060,-0.24373914,-2.40210954,3.31057605,1.88884087,-1.59483323,-1.53591318,0.41642925
-0.09940309,0.03294301,0.45347159,1.21441947,0.47729509,2.94042276,1.83345569,-0.16858706,-1.48709137,-0.87017223
1.47111581,-0.71927269,-0.76529969,-0.16956562,-1.78545980,2.24743268,1.74006678,0.51841365,-1.34034059,-0.10500341
2.28911767,-2.22166326,-0.16888653,0.26863903,0.22411976,0.72384376,0.42041668,-2.12799779,0.34085285,-0.32122654
0.68566132,-0.72064251,0.03843823,-0.29882147,-2.11545548,0.58841544,-1.64534035,1.25664556,-0.13604995,-1.00294272
-0.38787870,0.45572354,-2.11229171,-0.37277330,-1.78222169,2.01173791,1.60308896,0.92967713,-1.10776572,0.19080425
0.63115131,-0.47992687,-0.70880178,1.87554167,1.26013175,-0.90744718,-1.28257815,-1.45596781,-0.49107772,-1.14913822
-0.22534306,1.46053998,-0.18444909,0.01939518,-1.00304582,1.57101262,0.43452108,-0.45146460,-2.26348711,-1.07418130
-0.39577978,-2.50176321,-1.55694223,-1.61574986,-0.03926045,1.13007436,-1.84854172,-1.79428199,0.74112793,0.63436771
-2.10679049,-0.25109119,0.30421551,0.57579970,1.33420923,3.80620838,0.42873732,2.44085219,-2.02546332,-1.39602242
-0.34304477,-0.88684876,0.47499273,-1.57483750,0.84039503,-0.20487874,-0.23193490,-1.87702439,1.28915049,-0.80778258
1.38164484,0.20998489,0.68868582,0.45263622,-1.72674527,1.56662730,0.78394243,0.37253725,-3.03419069,-0.13996534
0.97426527,-0.56711885,-0.61396245,-1.51900421,-1.10866345,-0.00134400,-0.27019935,1.18677837,-0.99897957,-0.43719115
1.09513494,-2.69668429,-0.79513149,-0.65840938,-0.10505506,-0.44875474,0.13787521,-2.75437045,-0.84828721,-0.05258688
0.12184401,-0.51553330,-0.16774009,-1.39705602,-1.54298272,1.63436940,0.86949775,0.64624872,0.31153051,-0.48692506
0.63409185,-1.71585585,2.04605930,1.35952713,2.17466757,0.22756094,-0.52439215,4.96309265,3.15849615,1.41447509
0.12322880,0.51821440,0.08352694,2.22778024,-1.38808098,0.22819169,-0.05876355,1.74217915,-3.25215621,-1.01002814
1.07561821,-1.15234733,-1.15348254,0.53265521,-0.15366635,-0.18352615,0.13725185,-0.07659889,1.96624057,-0.72958882
0.20161338,-0.68402017,0.10224774,-2.76413297,-1.57926759,-1.65070780,-0.26235706,1.98067560,1.03466645,0.23030531
0.97109640,-1.41527029,0.03622889,-1.44607789,0.30247198,1.02509154,1.40805872,-0.48623114,1.98291134,-0.98631753
-0.27674392,-2.60801189,-1.02110949,-2.03982983,-0.78142323,0.10063574,-0.55558845,0.60605968,1.65096223,-0.33016987
0.81850541,-1.33259010,0.45967377,-1.85929649,0.65305899,0.68254336,-0.39445714,-0.47052729,-0.39189059,2.71316703
-1.04102263,-2.46292419,0.53026714,-0.54102692,-0.58250545,0.70003701,2.94256112,-0.37294346,1.58170968,-0.73037086
1.94429800,0.72954810,0.16720419,1.24339428,-1.38674741,1.69333247,1.67376911,2.34715992,-1.42569881,-0.15267355
0.71919440,-0.93694795,-0.23621852,1.04826064,-2.33193075,2.09434425,0.25015063,0.70453085,1.36422992,0.33256442
0.24599682,0.29337278,-0.56859035,1.42468983,-1.09146378,1.73674174,0.75096650,-0.93747074,-0.68948327,0.07447171
-0.07645913,0.54229587,-0.26246908,0.52283293,-0.20879258,2.11169758,0.86264228,-1.72223809,-0.74050367,-0.78562947
0.75382216,0.77398010,0.34430253,0.00633924,-0.79295084,2.32122548,2.06725952,1.82464253,-0.74176033,-0.24888461
0.61139992,-1.38023243,-0.48950332,2.03364699,-0.86256769,1.14142029,-0.47205930,-1.42242413,1.55707798,-1.43801220
2.04042555,-2.05097953,-2.25709908,0.62583219,0.50066992,-0.65527990,-0.01973564,-0.38374119,2.03666575,-0.79263583
1.33548155,-0.47492355,-0.67323140,-0.81396379,-0.59447283,-1.04643049,-0.28088575,-1.81923064,-2.56138899,0.75605350
-0.15108479,-0.20576643,1.29907759,1.89790229,-0.95417485,-0.74827598,-0.48320859,2.70113220,0.31899855,-0.65186168
1.18798484,0.34063659,-1.46500516,0.00395551,-1.61686001,2.80615518,2.01564685,-0.10178936,-1.89412190,-0.42491733
0.41764587,0.28990121,0.36714220,1.53922161,0.77394531,0.89226752,-0.39313590,2.36328931,-1.95425771,-1.42956435
0.62952515,-0.49933240,-0.82801760,-0.59922576,0.45638668,0.82756223,-0.25904097,0.45200442,-1.29722024,0.55956069
0.92426796,-1.62983476,0.69942759,-0.90903714,4.05559290,1.37059458,3.42915408,-0.66361621,2.06094826,1.69706796
-0.00722765,1.38875533,1.58701937,-1.91859263,-0.78374083,-1.59265180,0.64355768,-1.20608175,-1.08671606,1.43615666
-0.14965101,1.62754711,0.74604312,-0.07624697,0.53125503,-1.45361700,-1.05249786,-1.88315592,-1.15583167,-1.64172485
1.05427578,-0.71004969,-1.49859353,-0.42720224,-1.32733333,2.56563659,-0.21402279,-0.32709604,-0.39228559,0.71932159
-2.66598084,0.44412910,0.67941671,-1.96576867,-3.49652130,3.09742531,1.58947429,-3.41826064,-1.94953566,0.59833634
-1.34516736,-1.36618257,-0.43901579,-0.25498362,0.39395925,0.93411527,-1.29746068,0.83568782,1.63295586,-0.06834520
0.93287930,0.55468863,0.77431471,0.58220698,0.06098235,-0.56034332,-0.68369532,-0.44247443,-3.22979853,-1.35890998
0.40552068,0.75519684,-2.59531542,1.02014474,-1.83132098,1.39793701,0.27620291,-0.78981538,-2.61098979,0.08871625
-0.84144772,-1.64598181,-0.81781617,0.81590349,0.77033355,0.46141170,0.27073063,-2.18105185,-0.87362333,0.39278894
0.15101422,-3.23631165,-2.36091027,-1.02612606,1.06401411,-0.73060450,-0.34437258,-1.38702283,0.38144205,-0.52223710
-0.30766121,0.61453084,-0.21477840,-0.62882970,0.29406627,2.26734138,1.59493050,-2.59206294,-1.06750429,-0.96462251
-2.52167132,-0.16023194,-1.33091023,1.57459248,-3.19560375,3.65704721,1.26850577,1.76269919,-0.79216766,-0.72602165
0.60179148,1.61050415,0.12837846,1.42087982,-0.55481001,2.38312408,0.56460133,-0.40266379,-2.40009860,0.10352185
-0.17156296,0.66815842,0.95516860,0.71999134,-1.39586483,2.45889861,1.07501371,-0.17517073,-0.90464614,-0.71606651
-0.21954786,-0.39916716,-0.05763491,-1.31216910,-0.55405484,3.29612143,-0.28789718,3.48433223,0.97608718,0.11178349
-1.27118158,-0.65234027,1.06683589,0.75138315,-0.82969776,0.53416276,-1.37707802,0.20588917,2.56182973,0.26926208
-0.53408903,-0.67442166,0.10510600,-0.57508507,0.92463844,1.93690694,0.97909016,-1.22606011,-0.65661018,1.76818634
0.81418579,-4.80749494,-1.09418219,-2.10440415,-2.28481933,0.54375957,-0.73435332,-0.38217955,0.74812196,0.08377218
1.08546951,-1.56071222,-0.18977233,0.63432683,0.05307136,-0.53252928,-0.36171249,-2.69691332,1.87655459,0.00506165
0.53915752,-2.30809752,-2.25272866,-0.42171836,-3.47670836,-1.76895070,-0.70449208,-1.10591587,0.33881797,-1.06382751
1.41338962,-1.82870947,-0.43853760,-1.23045087,-1.75672581,0.91096229,1.24999396,-0.68647175,-0.23454830,-0.75188879
0.75772194,-0.29356413,-1.71907643,0.79293855,-1.57210725,1.55703061,-0.31494561,-0.14776833,-0.99324013,0.81695619
-1.09523669,-0.11131826,0.12253519,-0.48132303,-0.66363469,2.78184033,1.12992395,-2.75333549,-1.57100955,-0.01142757
-0.14244109,-2.74119906,-1.27071341,0.34609664,0.65242496,-0.21804879,-1.51133748,-0.28113274,0.23523679,0.79859282
0.68932554,-0.30927879,-2.35781661,2.74536550,0.14396263,-0.33939325,-1.22471600,-1.48738471,-1.12527608,-0.45338044
0.52954028,0.08659659,-0.43867786,-1.49789256,-2.39933531,1.35700332,-0.44566075,-0.00493272,-2.66334632,0.15881136
0.15534425,-1.14074915,-0.71726680,-0.01524486,-2.16776509,-1.52390008,-1.44467038,-2.91516135,1.62663681,-0.51301754
1.30619587,-1.83805778,-0.72474947,-1.41281263,0.66688986,0.23053104,-0.01723114,-1.49034875,-0.00886587,-0.57416301
-0.99557253,-1.38779002,1.69036894,0.94500462,-1.55566203,0.60534045,-1.97441592,2.45087777,0.54189662,-0.45615562
0.75593656,-1.82787690,-0.32315215,-0.29771496,0.11304622,-0.43166810,-0.52490492,-3.99522726,1.37001963,0.87488679
0.24221341,-2.03922093,0.35831752,-0.87036083,0.17013508,-1.21069592,-1.07714691,0.46332405,0.00214536,-0.18070480
1.36158867,-0.14833329,0.56197434,2.02073712,2.03142824,0.98752598,-0.00597762,0.10204540,-2.42652148,-1.51337337
-0.25915217,-0.69099509,-2.12579139,-0.92049494,0.91784820,-0.30360078,-0.27455515,1.05846364,0.63966149,1.57961239
0.12914550,-0.69146838,-0.79910995,1.17322973,-2.29018871,0.08424055,-0.67361084,-2.92952116,0.57025698,0.59434072
0.24948152,-1.89017519,-1.09269156,-0.13946913,0.57834083,0.63044102,-1.34846848,-1.15833082,-0.05500172,-1.22939624
-0.10410771,0.07286162,0.11530906,0.45556200,-3.03212114,2.33375155,2.26098774,-0.16864960,-1.15002452,1.03319474
-1.72400612,-0.77941319,-0.69678134,-0.06488953,1.86511356,-0.20818242,-0.48712390,2.65325782,-0.22044256,1.02853886
-0.57276365,1.45619855,-1.96852986,-1.33136505,0.77390970,2.43275400,1.94597081,-0.41684120,1.25836638,1.61920650
0.33664654,-2.15174643,-1.39359303,0.03121751,1.06974617,-0.11420995,-0.94983645,-1.18290574,1.18935926,-0.18245288
-1.34459900,1.65608083,-0.61551780,-0.18434420,-1.53779095,4.41353403,0.70071847,-2.53306120,-0.75271689,-0.66907554
-2.50702684,0.25116779,-1.59250481,-0.05793273,0.60787381,3.01569458,0.70180175,0.85252283,-1.42428751,-1.66647967
0.65500244,-1.30302337,-0.65852833,0.07276572,1.16434358,1.30088362,1.16347645,1.00686922,0.48410040,2.38472821
-0.42230240,-2.27335615,-1.08684232,2.07468189,1.55863334,-0.99931467,-0.23192846,-1.47774445,1.29738199,1.25326749
-0.83554238,2.03666924,-1.52039770,-1.40420903,-1.03401633,2.23119982,1.30141489,0.72460703,1.19223661,0.13177384
0.01890926,-2.95279541,0.27293312,-1.22278129,0.14167471,0.28093672,-1.47405074,-0.26329252,-0.44217638,-0.39117154
-1.52809531,-1.20772993,-0.64684370,1.18136512,-0.09315705,1.91940210,-0.27457788,0.39954377,0.67789090,0.06170068
0.47970085,-0.91677118,0.32989235,0.04954677,-0.28361347,-0.05846716,0.71620635,-1.83358578,0.45666792,-0.75653523
-0.46116745,-0.47504478,-0.07276455,-0.09861160,-2.15078517,3.52396151,1.20817873,2.46949184,0.76215055,-0.73089595
1.35793343,1.53399041,-1.93365934,-1.01065030,0.45855340,1.41522553,0.90894129,-0.85263836,0.51938706,-3.40804829
-0.12292984,-2.32830799,0.53681957,-1.63697602,-0.77566333,0.06033615,0.29919680,-0.83709813,0.73778958,-1.20071381
-0.16618069,-0.44720457,0.22439258,-0.69704865,-1.19090514,1.42795468,-1.29665162,0.13466102,-0.24326350,0.98706183
1.29616806,-0.66732430,-0.06499304,0.60484288,-1.82663284,1.50548299,0.48938693,1.47738039,1.50970566,-0.36430217
-1.47578054,-1.99842086,-0.09088390,-1.69059649,0.37844670,1.29653270,-0.03156713,2.28702061,-0.10039938,-0.70215725
1.46762816,-0.16613538,-0.50394783,-0.39416525,-1.56725517,1.96811515,0.34735540,-0.31181766,1.64405678,-0.71128451
-0.52204448,-1.42122680,-1.44569285,1.43765151,1.30801454,0.60298669,-1.28403426,-0.43365278,0.54539268,0.90169677
-0.84105181,-0.91773076,-1.60091545,1.14394035,-0.64029545,1.02750551,1.15247111,-0.83941085,1.22004346,0.89318677
0.54208274,-3.07227052,0.10837398,-1.40877331,-0.55262492,-0.28831414,-1.76421136,0.15358777,0.96952796,0.23147426
0.27762787,-1.17542711,-2.84246642,1.32450639,0.81182088,2.74392504,1.34732121,-1.17007558,1.99523959,-2.05397008
0.81886932,2.56611704,0.05671942,1.13426897,-2.11644471,1.22223072,0.07464312,-2.12611466,0.71900929,0.50355978
0.94807098,-0.01928759,-0.15635185,0.02945451,-0.25881907,2.12915555,-0.85295581,-0.45927873,-0.53997822,-0.44291807
-0.51450687,0.77495042,-0.72500046,-0.00144408,-1.46171896,2.79471956,2.29280616,1.44480057,-1.33799247,0.07348896
-1.13765576,0.63621784,-1.49322148,-0.00856316,-3.58586245,2.22944709,0.40752306,-0.17783784,-0.94080071,0.47419325
0.73960806,0.45882709,-2.56473438,1.13198185,-1.33392234,2.60076740,2.14552652,-0.83677678,-2.52651687,0.50227398
0.01405999,0.49122864,-0.84484563,0.67561994,-0.34325614,1.52066189,0.38619515,-0.13408098,-2.20544197,0.77748985
1.12204542,-0.40641256,-2.69145849,0.32290317,-0.55727971,1.74846494,-1.04711339,-0.84927954,1.85351852,-0.75459843
-1.47107433,-1.01694485,-0.49964960,0.44368775,-1.33272777,0.83346755,0.54616210,1.13382845,0.21977419,0.69318796
-0.87134980,1.34879641,-1.30995421,-0.59533136,-0.12142423,1.07811171,0.70476973,2.40428490,-1.36749079,1.69967495
0.78249860,-1.41818339,-0.57071321,-0.12629461,1.16755005,0.41737828,-0.51700884,-2.11863871,0.79833378,-0.62513901
-0.61134993,0.70400112,0.19624783,-0.50956833,-0.94497622,1.10584746,-0.24989930,-0.89696293,-2.29200917,0.13833368
0.30478851,0.59349681,-0.95077895,-1.14207617,-1.30288936,2.06745137,1.44206032,-0.47682824,0.34923417,1.40252111
-0.45884491,-0.68244259,0.68978879,-1.73056442,-1.35015113,-1.28883795,-0.80081502,3.08144529,0.40162989,-0.44122638
0.18915997,-1.83811555,-0.76834944,0.21151215,-0.37010296,0.48652941,0.29363463,-0.72669725,0.02183140,0.44230265
-0.73436907,-0.80864747,-0.20640693,-0.94834520,0.00920917,1.10295383,0.82626709,-0.67552312,-1.50203969,-1.78881563
-0.84011333,-0.08772634,-0.62159585,-0.21310830,1.31293463,0.51971153,1.06639281,0.78838765,-0.46163946,2.19664831
0.59191979,-0.41950844,0.09444576,0.80537419,1.02908805,2.72361734,1.51273996,0.80964106,-0.71263597,-2.04901377
0.64698880,0.03228124,-2.85491435,-1.28211312,0.74338839,-1.43618196,-1.49036197,0.09740454,-1.20198112,1.68012572
0.94679086,0.33501712,-1.44785513,0.15178685,-1.43488140,1.55741738,-0.01786013,-0.32322188,-3.16415152,0.77767564
1.72878130,1.67590336,-0.51421608,-0.66770151,-2.63419190,1.33877297,0.92675328,2.15726730,-1.19119726,0.88686535
1.49271892,0.21837995,-1.41538212,1.19348237,-1.09718872,2.25006568,0.61011181,-0.77088594,-2.12312602,-0.80168193
2.28599373,-0.79474179,-2.23915624,3.88808969,-2.19174490,1.03444444,0.87545892,-1.94811295,0.26095639,-1.27298652
-0.41503907,-1.36329967,0.43733131,-0.89703929,-1.01207220,0.50042950,-3.58241406,-2.09331463,2.15671949,0.17176640
-0.52562848,-0.52277596,-0.56379862,-2.99918244,-1.98766038,2.14302412,0.50570118,-0.50199753,0.30092895,0.00854822
0.51534191,-0.58008320,0.67716684,-2.33726146,-2.26737275,-0.73778861,-1.51948458,-2.46276005,-0.12713779,0.43733616
0.57682523,-0.24228570,-0.77571942,-0.50073165,-1.72733816,1.05105765,1.44942977,0.92176395,-0.90258088,0.77741032
1.06972851,-1.65697773,-1.01455444,2.12766799,1.62097120,-1.76728048,-1.14288408,-0.28689086,4.45885625,1.58596792
-0.38442846,-0.74767792,-0.20567792,-0.80545524,-2.54018950,2.58561782,1.37824294,0.97063683,-0.02171880,-0.79998172
0.05327684,-0.55983181,-1.99198766,2.10414743,-0.97804748,0.81329134,0.22288875,1.81764431,-1.68673063,-0.76329031
-1.49885436,-1.16591831,-1.67366663,2.41989109,-2.02037616,-0.27621550,-1.39240536,-4.02469610,2.16933171,-1.00139343
-0.68889305,0.46529967,-0.42755237,0.81676887,-1.25283351,2.26923262,0.82032602,-1.99241226,-1.62604743,-1.02955396
1.65754007,-0.28558006,0.17711297,-1.17251735,-1.91846282,2.19863250,1.17895056,2.50329750,-0.98949123,0.69699449
0.03288854,-2.89915616,-1.87027730,-2.22925826,-1.41116384,-0.49528711,1.86563373,-1.38647580,0.45276535,-0.82768996
1.18298651,-1.49202001,-1.11719378,2.38540130,-0.30896443,-1.46657244,-1.53801606,-2.13459019,-0.94523819,-1.69775587
-0.07849341,-0.93304128,0.75191719,1.00947994,-1.55506268,0.10068593,-0.22208995,-1.66945269,1.28114440,-1.83220530
-1.68094153,-1.42525123,0.24826132,-1.05476365,0.59425315,-0.33109578,-1.19696027,-1.57677656,1.53968478,-0.27843003
1.38518022,-0.68154028,-2.16077315,2.81201432,-1.28385052,1.90223737,0.68037990,2.20222648,1.27179075,-0.98068326
1.40021653,0.54512646,-0.29070550,1.45145595,-0.91698615,3.04293645,-0.26468815,0.75496627,-0.93288957,-0.26455686
-1.26466907,-0.09034572,0.37396002,1.13979450,0.47586616,2.84170653,0.66663599,-0.17424135,-0.85510610,1.15774511
-0.61532985,-0.97465176,-2.11788885,1.48659239,-1.26612708,-0.27179053,-1.27188111,-0.30273902,0.28957150,-0.30627646
2.22992940,-2.04341474,0.85727007,-1.70238003,0.15628184,-0.52483903,-1.41441318,-0.45731080,1.15671998,-0.49748738
-1.29574601,-2.26182509,0.27227224,0.14534031,-0.67815687,0.45808136,0.47112534,2.57564972,1.33912722,-1.39184132
0.48020805,0.76532977,-0.80682295,2.16703957,-2.76461699,1.52523462,0.53395268,-1.52513608,-0.84143678,-0.21032797
-0.35900708,-1.19386591,-0.55034724,-0.59605223,-1.06552761,0.49122546,-1.92675926,-2.20526427,0.97042149,-1.15456907
1.75909550,-2.35300580,-0.13438098,-2.18833821,-0.57221630,-0.74501002,-1.78060883,0.25339774,0.72933068,-0.53364456
0.61057732,-2.28905965,-2.81923901,1.35258338,0.29770226,-0.09714021,-1.05171727,1.30583202,2.18067949,-0.93950449
1.00960081,-0.55964044,0.71737004,-0.36525007,-0.50480517,-0.64398619,-0.98062169,-2.27945856,1.27471450,-1.32297110
1.03628786,-1.25382092,1.30398565,-0.70137550,-1.67662111,0.87201813,2.25267828,1.14607350,0.63262628,1.08367580
-0.96825829,-0.20911006,0.04222207,-2.78861529,-2.79853108,-0.81843242,0.23313534,0.19375699,-0.37088665,0.56616098
-1.66245919,-2.62656416,-0.22088687,0.58350404,0.01992567,0.81444452,0.09130476,-1.62168936,-0.18010208,1.30525122
0.74597330,0.00532448,-1.23549880,-0.10431737,-1.98057809,1.57976772,-0.07375093,0.34854886,-0.47451658,0.07717309
-0.70720204,-1.84330199,-1.40877588,-0.39578922,1.42914377,0.49487014,0.14820144,-0.42372368,1.61016345,0.91385056
1.60167211,-0.84516286,-1.73632915,0.25126829,1.19025280,-1.33137896,-1.68968415,-2.10301857,0.85350340,0.41116606
1.04988301,-2.53618574,-0.10371926,-2.92534590,0.20277454,-0.02529688,-0.32627925,0.78428048,1.70696707,-0.73704716
1.17564611,-0.29812553,-0.47993733,-1.28503708,-0.39975152,-0.61266934,-1.28681989,2.30125511,-0.17876694,-0.52481951
-0.78152128,-2.79258855,-0.32254653,-1.15184516,1.28487762,-0.84864586,-0.17632567,1.70382245,0.71490540,-0.41826012
-0.33114893,-3.09371366,-1.79962234,-0.72489654,-0.95545860,-0.67980423,-0.91793228,-0.00764605,-0.55648840,0.36662253
1.15878559,-0.44489128,0.23402623,0.81375435,-0.80072627,2.00425730,1.80330354,-0.83524893,-1.19551374,-1.25814763
2.36760248,-1.26268275,-1.02959738,3.07278397,0.84061401,-0.36433731,-0.67350489,0.41110692,-0.00970851,-1.11360280
1.55826425,-0.27733260,0.67649467,-0.19699608,-0.71377041,-0.73512561,-0.25973345,0.90373247,-0.91220745,0.69871789
1.47019178,-1.67199339,0.98708038,0.38787857,2.16095473,-1.02056035,-0.69892661,-2.44710138,0.53951540,0.63208431
1.32605042,-0.86656971,0.40797251,-0.90427269,-0.58826922,0.52362507,-1.49766594,-0.21508731,1.83836186,0.22299338
0.81138933,-1.22348330,-0.76091021,-0.06680237,1.02968138,1.45594434,0.19622241,-0.85500737,-0.30410775,0.54563391
0.27139958,-1.53480176,-1.69628564,2.25107098,-0.24438897,-1.03117513,-0.08540242,0.21916125,-0.02888860,-0.02334470
0.14821582,-2.12546145,-0.18185627,0.92078074,0.81803098,-0.00603473,0.14877624,-1.56207482,2.47983988,-0.02799512
-0.23161903,-0.51787026,-1.65535100,2.58066057,-0.70227138,1.18101744,0.02815559,-0.79989155,-0.66021508,-1.11883431
0.81327841,-0.29521837,-1.73939227,-0.44889215,-0.29366099,0.41441241,-0.07278123,-0.33966820,-2.66816228,0.76868509
1.05529736,-0.07918206,-1.92153406,0.33322630,0.72788253,-1.60905713,-0.46006638,1.59415286,-0.27761020,-1.71839847
0.44759180,-1.92868512,-0.58227747,1.70773951,2.67188331,0.39791320,1.40779433,0.12020523,1.72108656,1.87993750
-0.62600272,-1.24060865,-0.97893667,0.73328483,-0.63359929,0.76069504,0.16570922,-1.78444351,-0.18057332,0.66370556
-0.56936720,-1.25821894,-1.87116648,0.14365464,0.52379003,0.45212445,-0.48670057,0.14193105,0.52421426,0.10745799
0.01654826,-1.68061758,0.32595673,-0.20506300,-0.77819992,1.05621854,-1.30602237,0.20778108,0.44436436,-0.67997565
-0.77887737,-0.55432728,-1.67222813,0.73629777,1.10854774,0.03144403,-0.98967330,-1.62734419,-1.62128810,0.74267188
-1.23757586,-0.30849901,-1.42554044,0.39062485,-0.18622707,1.11703581,-0.27705795,1.14669328,-1.17070419,0.80799407
1.85614696,1.56131938,-0.72165483,-0.07111675,-1.83114371,1.82780805,-0.94832590,0.51243160,0.14870720,-1.28531398
0.01023186,-0.94149694,0.58757927,-2.20160042,-1.49626653,-0.54602385,-0.49469893,0.29808164,0.75247563,0.60469831
-0.40019779,-0.63325319,0.40638250,-0.53866653,-1.96432658,1.11838206,0.43265632,0.28470404,-1.37168871,-0.05070952
0.48508270,-0.54625858,-0.29995534,0.00313105,-3.26223663,1.41642097,-0.11206427,0.08042006,-0.93962992,0.12462066
0.27128770,-1.12886451,0.70710248,-0.11679418,0.17547173,-0.60979185,-0.53857835,0.31241946,-2.44644819,-0.89187041
-0.85754193,-2.86026804,-3.24661108,-0.53528908,0.79233648,0.01279198,-0.23018556,1.97736855,-0.53509362,0.13497042
0.61608352,-3.09103214,-0.15975575,-1.67698884,0.39823416,0.80058964,1.19714969,-1.38268882,-0.43946784,-0.61570682
0.21845795,-1.39311723,1.21466321,1.01998804,0.47497074,0.64085331,0.18177369,-3.04130385,0.73070938,-0.45402969
-0.62449459,0.88551360,-1.78584504,-1.00106171,1.42047487,2.39636417,0.14369562,-1.51776167,0.15125063,-1.62171144
0.35976595,-0.03381224,-0.82833969,2.10500754,-2.76011743,-1.69900964,-0.05888242,-0.14572912,-1.88706663,0.85726437
-0.51291950,0.21329422,-0.35721513,-1.56939665,-2.76032365,1.50615777,0.82723156,-1.44288196,-1.02488223,0.53265796
-0.64750771,-1.78348158,0.30161064,-1.70830780,2.20808066,2.88178546,0.68354481,3.49954479,0.90325388,1.33129173
-0.77216167,-1.13140599,-0.25756900,-0.16072406,1.32891344,0.31428560,-0.93009281,-2.05911699,1.02163578,2.35726798
-1.65173936,-0.81607633,0.82303634,-1.06888460,-0.45125166,0.45399451,-0.48545128,1.56599864,2.46626580,0.39596171
0.40860047,0.34117092,0.79997369,2.05657766,-2.11251422,-0.05831942,-0.96136511,0.38026216,-0.49814197,-0.57351295
0.67970889,0.06073539,-1.27168232,-1.59214248,0.72308547,0.44767473,-0.54321038,0.75990509,-1.32887892,-1.84434264
-0.95874166,0.80098707,-0.68241881,0.45649657,-0.35820030,1.27121356,0.31112049,-1.08759981,-1.80554556,-0.48633959
1.71750118,0.00372060,-0.97515532,-1.66221779,-2.55989438,1.40262157,-0.08089748,1.23763389,-2.37906123,1.17594984
-0.19256160,-1.95896806,-0.67872973,0.74743558,2.23330401,0.15154893,-1.76835948,-0.15675816,0.32838280,-0.21960891
1.20258828,-0.02574203,-1.79985708,0.88381480,-1.21592444,2.37254439,0.51404869,-0.76612773,-1.54579618,-0.53243428
0.70775776,-1.08369797,-1.96649088,2.90406295,-1.74087417,1.53142304,0.45067849,-0.16551057,1.84717961,-0.04770450
2.07090074,-0.01246703,0.63153169,-1.12112392,-1.51100265,1.07780933,-0.35221405,1.81268594,-0.40118299,0.83126042
1.74478518,1.07265069,-0.36818722,0.06532156,0.43424866,-0.72750103,0.79756063,0.85829786,-2.39388692,1.56786082
-0.88765419,-2.48273357,-0.17860795,-0.15936067,0.00974087,0.44551921,0.39036419,-1.02503243,1.28546123,0.95923239
-0.12549671,0.34455375,-0.31447062,-0.76778426,-3.49681114,1.63156853,1.96819477,-1.31911316,-0.80428188,0.04413861
-0.70134613,-0.12808432,0.64028775,-1.13404896,-1.63272575,3.24515374,0.72312829,-1.37786423,0.39865293,0.90873322
0.46564996,-0.18952571,-0.91573830,-1.45199790,0.86721596,1.78869976,0.37689497,-0.70930347,-0.05256878,1.19464376
1.92427652,-1.79992215,0.34276594,-0.07560258,-1.09393835,-0.48278995,0.06553964,-0.96126640,0.60317087,-2.41614479
1.86603853,-0.29800507,0.66488757,0.70735439,-1.24828094,1.51935483,0.24356125,0.89112604,-0.75850402,-0.53363199
1.40305861,-1.06366677,-1.75532031,1.53945223,-0.88853197,-1.38145547,-0.89932888,-2.14349910,-1.14743917,0.81401046
-0.07241219,-0.84935948,-0.55114571,-0.55139172,-0.70752858,-0.03397769,0.26781206,0.99734820,-1.58507780,0.91854851
0.87704182,-0.21765210,-1.07357793,0.56858623,-1.44261901,1.02567984,1.06675508,-2.33208641,-2.67568954,0.23283905
-1.44301196,-1.43723214,0.33530884,-1.44688612,0.96825036,3.45633718,-0.05275031,1.82232923,-1.06672440,-0.66586515
-0.01173499,-2.54169463,-0.30105256,-0.25657458,0.92228080,-1.24178653,-0.52547054,0.84303327,-0.92069646,1.91062472
-0.11542887,-0.62223981,0.33600134,-1.15744621,-1.07963617,1.07041428,0.61371330,2.11669775,-0.84062385,0.58566928
-0.44178243,0.33486588,-2.26513845,2.23353461,1.37354502,2.24892103,0.12603813,2.12749700,-0.17488557,-0.81295636
1.98300457,-3.08200199,-1.61625463,-2.32148943,-0.28253791,1.02623808,0.75784097,1.98436549,0.15476404,-0.83073921
0.40325000,2.18269113,0.16936086,-0.67291901,-1.91749674,3.20192564,1.32589541,1.21602311,0.11916347,-0.69203893
2.42262458,0.80808184,-1.17927415,0.37837709,0.30251137,-1.59530064,-1.48379963,1.79557567,-1.24101779,-1.26413280
-1.90339450,0.47978866,-1.12436863,-0.50190153,0.86117725,2.35126398,-0.06456040,-0.32206709,-3.28119013,2.33829857
0.76914517,-1.43871142,-1.07233422,1.32722100,1.93489058,-0.83244481,-0.44564200,0.34293905,1.59551986,1.54029307
-0.61749958,-0.40942114,-1.39202194,0.12062512,1.30317822,2.61717749,0.98563958,-0.62875908,-0.38789164,-2.11845105
0.79767477,-0.42220731,-0.73150821,-0.06150122,-0.39166079,0.96027852,-0.92659261,-0.82769808,0.49713719,-0.44158340
2.23026135,-2.39522061,0.78824767,-1.46061329,-1.38872493,0.47614423,0.32069033,-0.96409727,0.20926829,-0.42698939
0.19799388,-0.14486044,-2.36227249,-0.28464766,0.14341190,-0.09115735,-0.33119038,3.28941613,-0.12345095,-1.04698136
-1.31969775,0.15841718,1.14949421,1.59324058,0.52540007,2.52188531,1.30072138,-0.36289813,-0.15500938,-2.88644863
0.99021828,-1.49266075,2.35839016,0.71188059,2.65714585,0.19521549,-1.31277276,1.63345387,0.71757311,1.24381268
0.55415200,-2.40752613,-2.68353996,-0.75361346,1.02209731,0.79223920,0.02018349,0.46728733,1.04920533,-0.96875616
2.77248570,-0.58105270,0.51593070,-0.60835058,0.33324528,-0.84143058,-1.19733848,1.35467897,-0.79640690,-1.23094784
-0.15098144,1.10996126,-0.99545022,1.49393993,-1.47042266,-1.49592196,-1.33694142,-1.68178544,-1.33600598,-0.15245306
1.35192350,-0.56127696,-1.04248431,-1.78546611,-1.62051256,1.22341998,0.20675179,0.15216216,-0.84951623,0.73355136
-0.27753022,0.38512383,-0.19282069,-0.96251893,0.39775909,1.58230321,-0.74320583,-1.61155178,-3.30258770,-1.57884618
1.65043599,-1.89173509,-0.14008770,0.89262580,-1.78748392,3.40817274,1.57549166,0.90218876,0.83496204,-0.85298029
-0.07730847,-0.32743670,-1.17540248,0.42478125,-0.95813534,0.15943142,-0.22258581,-1.72571219,-1.51507704,0.21766045
-1.00128340,1.44992078,-2.60386175,-1.69834540,-0.01057255,2.76087698,0.92203672,-1.77863823,-1.02251121,-0.55534095
0.41647027,-1.18056766,-1.60865525,3.70842262,-1.04035248,-0.44452440,-1.26136759,-0.71509416,-0.52685823,-1.74416539
0.48473381,-0.57063586,0.24361470,-0.72573260,-3.29641908,-0.12983489,-0.39495386,3.41851389,-0.89522170,0.70483895
0.09070857,-1.37595800,-2.33417853,3.14579030,0.10506983,0.80896637,0.06083313,1.69652641,1.60019404,0.21516723
0.12902806,-0.54798033,-0.10863109,-1.27420366,-0.68097123,1.68791473,0.98300442,0.63099479,-0.38094372,-0.79563332
-0.03081547,-0.58989902,0.53619334,2.89515343,-0.42160189,0.20559521,-0.46190084,0.60952424,0.19640052,-1.36860100
0.83829366,-1.18988563,0.32465740,-1.48074475,0.05349362,-0.50929008,-0.43494043,-0.37021527,-0.27938944,0.34951631
0.86065759,-0.18163171,-0.43273115,-0.89679797,-1.21024649,1.62921593,-0.02959503,0.94249469,-2.06253378,1.01450030
0.25605375,-1.83296528,-1.69997340,1.37843414,-0.16159437,4.00897831,2.08356123,2.00754414,-0.83184010,-0.71758371
-0.68237420,0.90408691,-0.01510510,0.88927656,-0.62784416,0.28049077,-1.53344504,-0.38693549,-2.05318928,1.05668876
0.44435712,-0.16661563,-0.30528670,0.55234430,-0.56548834,-2.33699858,-1.10163409,0.26162884,0.63496750,-0.21978566
1.33316103,-0.46004309,0.25664026,0.64306034,-0.30536231,-1.27232171,-0.65160984,1.29239972,0.40532883,-0.99289737
-1.26370104,0.29001058,-2.03560997,2.51119803,-1.16464981,1.84593675,0.52326186,-1.37141892,-1.09964312,1.34748904
-2.24851180,2.24551111,-0.78156537,-0.19121574,-0.43551657,2.74171757,2.14385100,-1.86360210,1.81873095,0.31653883
-0.61266496,-1.67090238,-0.15251747,-1.24564955,1.91712047,0.57302889,-0.37059086,-0.98966688,0.36732004,1.77350993
0.31072586,-2.33553028,-1.17435080,-0.89965577,-0.49035899,0.20468467,-0.56751842,0.54682290,1.28063821,-1.01903791
0.09982887,-2.71868827,-0.30263798,0.02902265,0.79615564,-0.71859560,-0.52928503,0.12816880,-1.94941015,0.90594173
1.12598406,-0.34589710,0.57999280,0.29110887,-0.51789067,-1.31664784,-1.40812247,-2.32392747,-2.88073289,0.08194797
0.66271510,-1.91187859,-2.55985704,-0.50133240,-0.01957921,-0.60021668,-1.14611912,-2.67365683,-0.21577867,0.77193765
-1.82611073,1.11830723,-0.09177760,-2.03594387,-0.02010540,2.51291508,0.25111234,-0.41404529,-1.66568064,-0.48328522
-3.00094466,-1.70686113,-0.62131188,-1.77657676,0.70448972,2.77889784,0.42903278,0.88300394,-0.00911688,-0.17036530
1.56205721,-1.64339908,-1.52608263,1.65346262,0.46895896,-0.61088720,-0.15549482,1.09170581,0.67287694,0.02072091
0.58208356,-1.23469394,0.16777945,0.80107491,0.64870133,-0.17179871,-0.25272393,-2.27739404,1.61638936,1.44672079
-1.63123536,0.12828276,0.28708659,1.06689944,-1.30699347,-2.30991206,-0.08978787,0.17548289,0.12884810,-0.05178634
1.06714040,-0.97710272,-0.63218832,0.96956462,-2.46715978,0.61701057,0.83104132,-2.28626514,-0.10238895,-1.46425963
-0.69726130,-2.22263402,-0.08347032,-0.89551433,0.51664220,0.68936028,1.60304776,0.38983860,0.50276128,0.19589409
-0.98194424,-1.57270502,-0.90068868,0.53530238,-0.68640938,0.98702380,-0.17825885,1.59886301,1.40691519,-2.25761943
-2.04529659,-1.54846578,-2.24969093,2.53941407,0.22545422,2.99946106,0.67570682,1.47424685,0.80996058,-0.77563646
-0.21882108,-1.69823071,1.11235995,-1.91347395,-0.35842367,1.89346552,0.97644978,0.31670165,2.13706422,-2.30477749
0.84090414,-0.55203231,-1.09031592,-1.28974074,-2.10153174,2.10410568,0.70506199,-1.47581871,-2.66848778,-0.37996820
0.60242686,0.24303362,-0.44284254,0.92817291,-1.80334545,2.28929137,-0.00208441,-2.89736889,-1.39143778,-0.19895735
2.16236421,0.07053556,1.24564104,-1.42407893,-0.98506688,1.16152994,-0.60211007,0.74273179,0.38710844,1.34858644
1.88922860,-1.21249102,1.41490709,0.51752058,3.25976330,-0.83219059,-0.67344632,-0.63940615,2.76157808,1.64588721
0.20909142,-1.46609753,-0.24497042,-0.47140055,0.15373121,0.65382806,-0.29945844,-2.34861946,1.72552677,-2.19408988
0.14454644,-1.30808136,-0.58263317,0.13598746,0.04738018,1.16738040,-0.65542020,-0.45754655,1.40974586,-0.01217830
-0.24839867,-1.61710816,-0.02753010,-1.03539712,-1.30117135,0.92127010,-0.41980225,-2.47260951,1.12167074,-1.17439850
1.28497371,-0.72895877,1.65280184,-0.14421267,-1.69516394,1.88919269,1.03325948,-0.36718838,0.71049136,-0.60378011
-1.18314003,0.96463175,-0.46628244,-0.88729036,0.49315204,2.20530187,1.57210054,0.22896102,-0.71576237,-0.58350433
1.17845401,-2.05490628,0.56003467,-0.58024242,2.92745441,0.18904012,-1.78115175,-2.41737867,1.27776440,0.40335830
1.25168291,-0.77310541,0.19243953,1.13997042,0.08884161,-0.15168188,0.00040107,3.75077681,-0.81523872,-2.74031265
-0.22387383,-0.78639889,-0.58672178,-0.13692559,1.69803135,1.42835574,0.88201612,-0.23780731,0.93372956,2.28645255
0.88849041,-2.12834266,0.12576715,0.48792710,2.40749917,0.63937683,-0.46140538,2.56406079,-2.20144673,0.56806324
1.23620445,-0.98683663,-0.94083464,0.12172836,0.45120903,0.98984152,0.78011319,0.77182268,0.66421365,-1.73777054
-0.07485003,-1.17120289,-0.03014323,-0.31323254,0.84244722,0.70772492,0.10912143,-0.24014224,0.10285668,1.18405589
-0.25649335,0.46072155,0.33781959,-2.22141320,-0.72225551,3.74629681,1.04145436,0.78065260,-1.23642214,1.39973529
0.95595671,-1.17296126,-1.59373112,1.69593432,1.70221644,2.19384823,0.30681316,0.78280720,1.19285331,1.60225569
-0.22097214,-0.16715154,1.49271528,2.09565862,-1.92923692,3.85612787,-0.00426664,1.71928892,-1.13425005,-0.13702582
1.12746373,-0.84432845,0.48603506,-0.64864961,0.32198078,0.02585738,-1.68051478,1.30212155,0.23401668,0.78752641
-0.17084168,0.23660363,-1.29413950,-0.67102964,-0.12186920,1.46707705,-0.36080148,-1.14666273,0.26985739,1.51850863
1.66456154,0.89852400,0.19936793,-1.09024391,-0.29278378,4.07751721,2.81141819,0.07180680,-0.27428600,1.20194756
-0.69143430,-2.04220667,-1.13656814,-0.03648402,-1.01146462,0.03553080,0.51869525,1.44836638,0.42316989,-1.40872083
-1.22403193,-0.00088773,-1.20951296,0.95186373,-1.40872376,1.48106056,-2.86925197,0.66944031,-2.74406197,-0.04401726
1.37809318,-0.79762309,0.37169386,-2.36455528,-2.90273971,1.16284115,1.34531842,1.31851538,-0.99787171,0.27870307
-1.55442050,-0.22091184,-0.31932447,0.87236892,-1.22852596,-0.10827846,-0.22574338,-0.12584922,-0.13657688,0.25834961
1.05193367,-0.56485930,0.74106534,-0.72226561,-1.47013287,1.92359439,0.30048954,1.01315587,0.77385415,0.05821422
-1.65827122,0.72434932,0.89915464,0.79220574,-1.70824388,-1.79790190,-0.58447550,-0.51864082,-1.38068919,-0.97460796
1.21530245,-1.35758171,0.45043046,0.67669934,0.48766162,-0.83996721,-0.85196249,-1.56374671,0.09739146,0.30712931
-0.30717419,-2.61718728,0.51029007,-0.13315752,-0.95195997,0.21026700,-2.43694887,-0.55797507,0.94247797,-0.52280451
1.82927718,-1.05217136,-0.19516199,-0.24386262,-0.83430728,-1.41101735,-2.67416686,-1.27866695,-0.77766463,-0.75809055
0.14250102,-1.68405805,-0.24076140,-1.47112212,0.26565046,-0.53336133,-0.87984829,-2.75729050,1.25719751,-0.57188241
0.13858044,-1.14902167,0.98348156,-0.17753634,-0.99961222,0.02496924,-0.69341855,-2.62974584,2.02839823,-1.52560312
2.24546151,0.40440647,-2.84261861,0.80502198,-0.00251631,-0.79973760,-0.33571671,-1.30677417,-2.27896363,1.09911145
-0.19393994,1.06250188,-2.07424007,-0.07054161,-1.32407143,1.55719511,1.32660071,0.49143478,-0.09250906,0.57823954
