1.11634329,0.09017684,-1.78467644,0.35968034,-1.62522158,-2.09915359,-1.02690451,-1.15284404,-1.37007564,-0.01183331
3.55776022,-0.03011263,-1.12292446,-1.04669880,-1.06724482,2.06899347,0.22174943,-1.30113714,-0.59532180,-0.27902339
-0.28691834,-2.72894876,1.67413232,-0.40676420,-0.79487286,0.24305112,1.13039011,1.77869806,0.81441904,-0.91617798
-0.87517158,1.07625431,-1.65846448,-0.73487710,-0.02298762,2.19696238,1.14618522,-1.16188776,-1.08338533,-1.50852968
1.73026214,-0.76082872,-1.32279306,-0.10436230,0.76816659,0.83695809,-0.59273429,-1.01744863,1.28927184,1.38143260
0.20290083,-0.72124378,0.16079972,-1.15348408,-1.68994835,0.77643744,0.11878403,1.73681599,-0.63938638,-0.17610093
2.56877798,-0.66851800,1.28437660,-0.21039540,2.94632192,-0.11099198,-0.48443021,-0.24117649,-0.45304842,1.34239640
0.67665495,-1.77898035,-0.79749449,1.71791617,1.05314369,0.65902310,-1.94491271,-1.78626256,1.50158559,0.51502987
-0.86995830,1.14955862,0.56603202,1.19738173,-2.11787630,1.31912805,0.09207734,-2.30183899,-0.55120365,-0.76159266
0.33945271,-0.78844610,-1.15631848,0.68683171,0.61824866,1.28610448,0.90216909,-0.62529246,-0.49171014,2.71721931
1.56436562,-0.66008396,-0.01831487,0.71200705,-2.17940391,1.79173918,1.31446859,2.93866544,0.83319426,-1.41422042
0.06375160,1.06961652,-1.36485166,-0.83520338,-0.65254045,2.03744816,0.77110218,-1.65509831,-2.85672237,1.89396400
0.99897857,-2.49507359,-0.49441498,-0.08683687,-0.73375147,-1.27144238,-0.54014736,1.24711046,1.53478198,-0.42076009
0.07697384,0.13343335,0.28171409,-1.37785765,-2.91610902,1.46473723,-0.28411518,2.15645904,-0.31967423,0.61022761
-0.14810443,-1.81938560,-0.47992602,-0.22160134,-0.66536872,0.81857211,-0.88933117,-2.62639024,1.77021987,-0.73663888
-0.20508737,-0.06972281,-1.67301264,0.48176780,-0.08625627,-1.51704185,0.40416927,1.60653357,-0.94779990,0.78223191
-0.73435316,-0.61778272,-0.05439549,0.47652301,-1.96295307,0.59035274,-1.14481162,-1.25061444,0.49781912,-1.35655103
0.55595226,0.50608278,-1.55050126,0.30695773,-3.14707215,1.20747676,0.54539594,-0.50049422,-0.47461624,0.47080824
0.61731188,1.62310623,-0.62187988,-0.41952793,-0.14167140,1.62643828,1.45406998,0.39584566,0.44762373,-0.86814589
-0.22803702,-0.97516420,-1.41587740,0.40361188,-0.75061421,2.57871480,1.22397676,1.64536662,0.49772802,-0.48735444
-0.86084587,-1.60494152,0.03891740,-1.10708770,-0.94112866,0.94431734,0.22120243,-2.15742478,1.95653204,0.18803359
-0.37830353,0.21754417,1.88552526,-0.14042671,-3.00489182,2.91391891,1.80664974,1.25868025,-3.65202243,0.76167547
-0.06306117,-0.63373366,-2.51861649,1.72127401,-0.65954939,1.17603540,0.36503864,0.86642349,-2.23243915,-1.53563650
1.01396353,-2.41248749,-1.22177524,0.47058546,0.47758651,-0.93583618,-0.19146900,-0.58487000,1.66727212,0.20292930
-1.33512189,0.81889477,-2.05590751,0.89210263,-2.65957710,2.13024155,0.37726586,-0.20680191,-2.34666055,-0.05296171
1.61262249,-1.79720433,0.52328818,-2.70000413,-1.10151789,0.45931875,-0.16851495,2.04542958,0.97818434,-0.31737080
1.26962001,0.37460679,-1.18857147,0.22603817,-2.38721301,1.96283814,-0.10173043,-0.53722042,-2.68968213,-0.08717966
1.19010632,-0.09326062,-1.26435857,-0.09305982,1.04978862,1.08156367,1.00489397,1.61921517,-1.33908082,-1.76442728
2.02958772,1.49473050,0.35915337,0.09450857,-1.56927356,2.31082324,0.73397290,-0.02890851,0.22194948,0.62839777
0.47144471,0.62744000,0.70927583,-0.81411497,-0.93457734,2.16744149,-0.09645169,0.15205040,-0.20382771,-0.52859569
-0.94290807,-1.37125759,1.34093361,-1.67365701,3.21796881,3.04271824,1.29032519,4.29164923,0.90642735,0.94526282
-2.79206566,-0.34839355,-0.96420056,1.48885822,0.21416935,2.27032449,1.59872613,1.55350529,-0.06631759,-0.80030133
1.12207382,0.76630509,-0.56699460,0.29901434,-2.61977359,-1.39410585,-1.40539971,-2.16225384,-1.79123113,0.55722494
0.28214588,-0.30991600,-0.98635173,-0.67765294,-1.19592624,1.51769423,0.05096249,0.18458698,0.17925442,0.76975013
-0.44832763,-1.22787689,-1.08187803,0.28350688,-1.09282427,0.21473074,-0.92656957,-0.87870928,0.44446645,0.14490956
-1.83386561,-1.19480841,-0.13573019,-1.63928808,-2.16183440,1.63430601,-0.00701477,-0.97303677,0.37628722,-1.25966475
1.04291829,-0.84142164,0.92910461,1.56584327,-1.45850985,1.26260151,0.57593596,-1.01987896,1.49617370,0.24382054
-0.24691394,-0.82848910,1.82772211,2.14836595,3.16670299,2.61839071,0.61256419,0.79064886,1.67554073,1.37678992
1.30470208,-0.36892622,-1.33511335,-0.01331603,-1.48389734,-0.78412461,-0.63081368,0.13214244,-1.27897080,-0.34461296
0.53871642,-0.87301438,-0.77059899,-0.36179394,-0.00370247,0.08564490,-0.46689890,-1.65746086,1.20843390,0.60685529
-1.66738563,-1.96643551,-0.48950566,2.02352430,1.03981531,0.55357085,-0.29804169,0.47883171,1.37933041,1.00097300
-0.87640920,0.37930195,-0.62622097,-1.65421405,0.22501620,3.16484201,1.35058955,0.43716186,-0.12404886,-1.12427696
1.46223592,-3.23044252,-0.59754293,-2.58319096,0.67199961,0.64438400,1.37390176,-0.09853492,0.93281850,-0.15469146
-0.60104828,-1.79824724,0.03465008,-1.94068749,-0.35508243,0.94592926,-0.87389155,-0.37123139,0.26430668,-1.05640560
-0.10791557,0.01412461,-0.03458575,-1.00402707,-0.07126696,0.89931315,1.34305110,1.26172547,-2.29820193,1.27597220
1.64363200,0.23125728,0.95909212,-0.35180332,-4.63588410,2.11476118,1.22263264,0.19897749,-0.43453304,0.56542860
0.50685205,0.71478198,0.15115572,0.55603656,-1.85160907,2.77201395,1.68607929,1.66272046,-3.05126025,-0.14299777
-1.40872418,-0.78802710,-0.18508039,1.40161648,0.23154532,0.00451453,0.44519889,-1.29165815,-1.52740769,-1.11310059
-0.56997733,0.29397714,-0.21195704,0.21255206,0.33252951,1.89976912,1.18396712,-1.99802206,-0.86299524,-1.57567367
0.31253876,-0.29190791,-1.04786822,-0.50951272,0.17001147,2.52584063,1.29063303,-1.34032516,-1.42842826,-2.06638532
0.37633609,-0.57088480,-0.90384101,0.36819715,-2.31297063,0.11205387,-0.27589804,-2.80205319,1.20170038,0.05518685
-0.34853862,0.25335099,-1.44391870,-0.59396175,1.32188942,1.67264838,-0.29726139,0.72821802,-1.37282917,-1.33998684
1.91327254,0.39631659,0.25378053,-0.94098160,0.49010917,1.30200441,-0.18941328,2.18035602,-1.99206051,2.21261122
1.59652140,0.18609562,-0.64763968,2.24177735,-3.67253228,1.66596202,-1.04467716,1.83672780,-1.09222194,0.48232448
-0.39952208,-1.22633721,-2.19084037,0.55675239,1.97534248,-1.36029503,-0.60735995,-0.22379502,0.51999509,1.66489728
-0.77628838,0.70889289,-1.91559621,-0.11147935,-2.19070675,3.22217237,1.19127090,1.49336818,-0.28318508,0.72056870
-0.40214459,1.29845179,-2.53015578,-0.91535999,0.50980849,1.81913954,1.17441811,0.41231505,-1.72408096,-0.03787846
-0.18187836,-0.30042446,0.20606040,0.32786363,-0.97835440,0.42676112,-1.61122191,-1.72287654,-0.46367511,-0.64774585
-0.93129113,-2.16636940,-1.35390006,-0.39319620,0.83099155,0.26123071,-0.65969375,1.87552304,0.12223270,0.70793495
-1.40818356,-2.13612984,-0.33777980,0.31927521,-0.18818301,0.71731563,-0.17198953,-0.96925523,-0.09327406,0.60256906
0.77687959,-0.42823237,-0.25943945,-1.19766961,-1.52819277,2.36547882,0.39577708,-0.81111431,-1.23570989,-0.03598658
-0.14901324,-3.47084571,-1.12434452,-1.56636427,-0.61339993,0.90400662,0.85664850,2.42746008,-0.19689898,0.43169282
0.16861841,-1.47138241,0.63654367,-0.96192687,-1.15937383,0.46074507,0.30343991,-4.57927352,1.05403385,0.59452967
0.82337095,-2.00582094,0.56314979,-2.34808931,3.01544323,0.48112286,-0.86217532,1.61230366,0.54820251,0.77028560
-0.87509124,-1.50792691,-2.11963566,1.27418822,1.65400511,0.76269482,-0.04479196,-1.54603870,0.25366368,1.19717969
0.89231983,0.19365496,-0.22683977,0.73692759,-1.99674999,2.99651340,1.44297687,1.69895286,-2.19419880,-0.35990198
0.09245286,0.56132323,-1.58574112,0.77050365,1.25565558,1.92854564,0.15754959,1.26833781,-2.20783060,-1.34890824
-0.41122334,-2.01057619,-1.56698696,2.74477254,0.76029370,-0.11300511,-1.24768459,3.33213791,0.21253600,0.41701760
0.77028409,-2.77760774,-1.05929097,-2.90684597,1.35985266,1.25622212,0.83448187,-1.03447000,2.12128886,-0.37942072
0.42001919,-0.69497773,1.03195234,0.87337304,-0.36667235,2.47338750,0.47920881,0.57480240,0.42577402,-0.30589563
-1.24331008,-0.25273084,-0.47863455,-1.96115812,0.72473270,1.96483723,1.49262128,2.16860418,0.16024729,-0.99060222
1.36807892,-0.41453698,-1.61712988,1.30255726,-1.03813245,3.66768510,0.30341478,-3.23604069,-2.43791385,0.80015722
0.07509417,-2.56814084,-1.61717552,-0.63608030,0.95885133,0.89355598,0.64265745,1.05929182,2.10770176,0.27340227
0.12665316,-3.45031835,-1.27755007,-1.87430850,-1.61676683,-0.84233856,-0.05216153,2.01111800,0.19549681,0.58313679
1.01326044,0.75828727,-0.70340636,-0.80925379,-1.76086678,-0.31768630,-0.81390035,2.66308183,-2.77243704,-1.05713505
1.66649670,-0.64202787,0.01742810,-0.04484875,-0.43034455,-1.91524789,-0.41530517,2.86588432,-0.17857769,-1.62711908
1.09954803,-1.82850315,-1.38710195,0.77213733,2.14106257,-0.18204425,0.09378786,-1.99921603,-0.17689322,0.94846480
-1.12653927,-2.11894708,-0.53727882,-0.12989674,1.76093306,-0.77721269,-0.96518848,-1.23822354,0.95413306,0.74248943
0.20130815,-0.73635567,-0.52829387,0.77013679,-1.91450968,-0.06565421,0.31898664,-0.42423496,-0.57143270,-0.22124191
-0.23472123,0.18205197,-0.77951103,-1.06545981,-3.38120938,1.95558281,0.98958693,-1.21468141,-1.44242299,0.27649510
1.65461018,-2.89733184,0.23920921,-0.60614045,0.03921954,-1.93196123,-0.68197566,-0.63928125,1.94084699,-1.62363038
1.63431921,-0.23711192,0.68574604,-1.69012160,-0.39522059,1.25244370,0.42754220,1.81337918,-0.83344385,1.27745286
1.27584122,-1.70557469,-4.36542938,2.00591306,1.10685838,-1.80942991,-0.35292732,1.43506101,0.98966414,0.44363824
1.27856872,-0.02785826,-0.37044464,-2.04248772,0.54263040,-1.72190770,-0.17339831,0.43901220,-1.40532707,1.43845235
-0.76595757,-1.88288430,0.72638618,-0.21307622,0.90199869,0.65282642,1.70581247,-2.57012231,1.06429344,2.19002016
1.35655679,0.08197055,-1.64892589,0.63455078,-1.76869738,-0.31744770,-0.62071949,-0.34270420,-1.79306365,-0.35639148
-1.41217090,0.37657799,-0.14326330,-2.73199277,0.24792625,2.17030967,-1.17947401,-0.04842506,-0.74524059,1.51081307
-1.65519723,0.37836833,-1.95780646,-0.28246654,0.76884381,2.92541674,0.15799653,1.17622923,-0.93796390,1.35434532
1.06329224,-2.45970284,-1.67131333,-0.68042631,1.07144147,1.39476876,0.17228198,1.25220973,-0.62634412,0.16459672
0.90992939,-0.58398885,-0.49554547,-1.77023891,-0.24686657,2.14323661,0.31438142,-1.75328511,1.70285643,-1.07547408
-0.74931423,-1.89438893,-3.05468406,0.06637174,1.19517804,-0.80726582,-1.92846528,2.33776029,0.86505312,0.25146828
2.26727692,-0.42198572,0.01121818,-1.92134814,-1.83998885,3.15748954,1.74769756,-1.63649890,-1.70397357,0.06511846
-0.47050511,-1.96566051,0.22577320,-2.30065003,-0.57332937,0.02744291,-0.11696722,-0.65015239,0.40246509,-0.58879911
1.18371527,0.36964186,-0.97027367,-0.54332070,-1.13509095,1.87697661,1.33235346,3.15537451,-2.17228627,-0.07929894
-1.22448653,-1.42200802,-0.58880208,0.34637663,-0.63528259,-0.09416624,-0.58408007,-2.54886561,2.23428956,-0.50046808
-1.09498761,-0.24573037,-1.01912342,-0.46877936,1.26374769,-0.49231749,0.22570224,-0.79663650,-0.50195294,1.73225336
-0.94216367,-2.23330535,0.28154216,-1.42103326,1.22495438,0.20510276,0.43969754,-0.60465042,1.02525254,1.14614080
0.32227964,-0.63812677,0.65449429,-0.07226031,-0.80656997,1.66566560,1.33129727,-0.01926710,0.65045776,-0.74548769
-0.62187303,0.40948022,-1.22347685,0.98018966,1.55049798,-0.96231155,-0.54998789,-1.42025572,0.50404349,-0.36791019
0.20587973,-0.20131149,-0.50759067,-0.37066197,0.17499262,0.68914483,0.18569790,0.73390567,-1.57728923,1.37320657
0.03586171,0.07177949,0.04409561,0.43151919,-0.56109264,0.30855012,-0.64721934,-1.10039663,-2.15751390,-1.65531366
0.45074484,-0.13804845,-0.24346475,-0.62676918,-1.38669839,3.57971314,0.39945548,-1.53039410,-2.59637512,0.32636661
0.11534986,-2.65862440,0.03249735,0.46859155,0.52512787,-0.55757081,-1.05451016,-0.33285535,-1.18238432,0.19500406
-0.35336911,-0.54180451,-0.54423417,0.87876842,-1.37136532,0.65335818,-0.65751045,0.86281658,-1.84797528,-1.38165341
0.65481759,-1.42809424,-0.08117193,-0.37793527,-2.20898342,-0.03334014,1.01179444,-3.73646985,1.25433000,-1.27792186
-0.74429616,-1.54663931,0.98780902,0.36406214,-0.14944285,0.17590431,0.02739013,1.19542463,2.66217075,0.94230817
0.01012665,-0.11839199,-0.91744329,-1.20188953,-1.64391303,1.71810621,0.97067081,-0.78691937,-1.22290452,0.87180794
0.58705454,0.12640427,-1.00949450,-0.09509176,-0.97363043,2.42081186,0.78512030,-0.09617293,-1.12179512,-0.95372378
-0.05562462,-0.19833996,0.58750432,-1.74631517,-2.07756463,1.63265370,0.49682187,0.21603469,-2.12516772,0.33307395
-0.50535478,-0.48237320,-1.15845125,1.55948100,-1.24621658,1.09128321,-0.14436409,-2.86638408,0.88250563,0.91489685
0.04569987,0.63413559,0.78002428,-0.41147174,1.58836927,2.00202101,1.37377252,1.80171906,-0.97515541,-1.90464816
1.24932547,-0.79906914,0.47898221,-1.50910671,-1.24356495,1.39377432,-1.81458073,-0.47706380,0.99565971,0.05108280
1.00550070,0.10406218,-0.16121458,0.03656541,-1.81870165,2.55849354,2.11454609,-1.77380394,0.20929611,0.19285957
1.03783663,-0.00537184,0.96863611,-0.11416688,-3.37925662,1.38323571,-2.15298952,0.55547812,-0.56640413,0.46446284
-0.35410695,-1.15578769,-0.26610269,1.31578489,-0.66011716,0.57130349,0.16077843,-2.71014776,0.94728101,-1.01001408
-1.10927985,-0.19114293,1.12459673,1.52809306,-1.18179362,-1.64906152,-0.58554137,-1.22340799,-1.10542039,-2.46094894
2.00904679,0.37953295,-0.25689843,-0.21042182,0.85708861,-1.83281871,-0.60436452,1.60588943,-1.18917703,-2.63499458
-0.68653790,-3.06172647,-0.62715742,-1.32356100,0.50433315,0.67185295,-1.08671797,-0.20374582,1.79187780,0.16137593
-0.34181485,-1.40629179,-1.06323279,-0.02730960,-1.60380912,-0.09908679,-0.42604133,-0.77108296,-0.24846884,-0.83076412
-1.39072056,0.25618882,0.04487935,-1.13433946,-0.45780235,3.88565680,1.96955489,-2.02143679,-2.13788695,1.01107984
-0.29491201,-1.02950668,-0.57756398,0.74231900,0.47172261,0.06973093,0.36770631,-0.30587040,-0.50508979,0.95603077
-0.05537450,-1.54757753,-1.35378167,-0.60415330,0.23340499,0.05219566,0.08557639,-0.36293639,1.85364437,0.57819487
-0.52729253,-0.57213537,-0.59636907,-1.84009941,0.53707614,2.26964366,0.30244786,-2.07172938,-0.33428333,-0.94068841
-2.30975213,0.66612392,0.05744431,-0.65721701,-0.05405616,1.48755756,0.09529294,2.82529740,-1.82707378,-1.09123631
0.77183838,-1.48290035,-0.84818146,-0.76064636,0.38219805,1.09572818,1.47357798,1.41217566,-0.30743310,2.09739250
1.19798209,1.11816022,-1.19324852,-0.27090624,1.83133368,1.01275651,0.20307367,0.74407522,-3.80861256,-2.76546277
0.78806037,-0.55311463,-1.28878926,0.91349099,0.03900799,0.33608141,0.43915149,-0.22719871,-3.02715978,-0.87128727
0.29916623,-4.71298207,0.32521213,-2.56984737,-1.03900062,0.47064254,0.88307636,-1.15269783,0.56652648,-0.67342265
-0.72025092,-0.78177150,0.03750801,-0.78946414,-2.73033480,-0.52617422,-0.46051049,-2.71651614,1.43858421,-0.66465345
0.69482935,-0.17132105,-1.69509361,-0.82820936,0.10743145,-1.72306607,-0.71354168,-0.38542321,-1.38388934,-2.54896817
2.42452708,0.12519566,-1.22495408,0.68414954,-1.11378054,1.26661752,-0.16705119,-1.13594780,-0.79237100,-0.39865045
-0.87152379,-1.22165188,-0.87004849,-0.23683228,1.58146803,-1.11248167,-0.66994883,-1.12792111,0.83610516,-0.52601426
0.47360770,-1.09990552,-1.57071401,2.24567749,-1.44729748,-0.49357627,-1.02781613,0.43413974,0.00060810,-1.26521286
0.20114158,0.18888429,-1.77696251,0.08594188,0.48295685,1.20227891,-1.10408133,-1.61836295,-1.72861480,3.39497013
1.75357055,-0.57839172,-2.82350390,0.53692386,-1.89651683,2.11789659,1.58130621,-0.01972080,-0.59097895,-0.68945085
-0.18555156,-0.17971349,-1.64268768,2.02494783,0.28881079,1.00077606,-1.05798999,0.31876697,-0.31693457,0.95747544
1.87892383,-3.13501150,-1.36877182,-0.01177621,-1.55232298,0.43824068,-0.22451821,-0.65334834,0.11447491,0.92434586
-0.31523338,-0.82099652,-0.04429242,-0.41031504,-0.51650919,0.70733278,-0.63456520,-2.45128574,1.21460483,0.82445022
0.45392080,-0.81849117,-0.54583831,-0.42936912,0.20299545,-0.77795310,0.04536958,0.61414091,0.10503672,0.76954305
-1.80259805,0.00615370,-1.24164935,-1.09788340,-2.89431558,0.36778361,-0.01564527,0.56951497,-1.31647601,-0.15084913
0.97240318,1.40311150,0.00228593,1.04731751,1.68295449,1.88358573,0.31815729,0.65808815,-2.18528844,-2.93681525
-1.32668940,0.65270960,-1.91818939,-0.43274607,-2.35681022,2.00710940,1.74938953,3.36928481,-0.78417621,0.31464570
1.26918242,-3.12721457,-0.78179189,-1.93972486,-0.85047133,-0.41745237,-0.00843551,0.64436527,1.73408526,-0.57778059
-1.47929011,-0.02649306,-1.27524155,2.13075777,-3.04459040,2.52230482,1.13340947,-1.46589155,-1.45934804,-0.18092578
2.27749677,-0.64294495,0.10416636,-1.31499730,0.71544975,-0.29176787,-0.39104963,-0.30263750,-0.00782194,0.81412208
1.51987332,0.75029798,-0.38033146,-1.26795806,-0.19346380,1.92793510,1.74112352,0.56110545,-1.48402339,-1.11743203
0.18926131,-2.48644936,-0.17848577,-0.27946000,1.77757788,2.51193708,1.68522158,1.45160723,0.44427679,0.13189199
1.14877542,-1.45110900,0.04289613,-0.82191391,3.62765970,2.25331913,1.15607872,1.09472149,-0.59049129,1.19825053
0.74965180,0.98792902,-0.42247032,-0.33503217,-1.78294318,1.55183559,1.12181073,-0.08631107,-2.01729372,0.30545689
0.17700660,0.02736372,0.82499615,1.03217637,-0.43586980,1.81570937,-0.06187096,0.64482688,-0.44380998,-0.43368636
0.75427261,-0.67551638,-1.52053758,1.05140047,-2.29950378,0.12169234,0.23479440,-0.19741164,-0.20733568,-0.58666841
-1.08675321,-0.34945782,1.17007347,0.08646523,-0.14089739,0.52202258,0.37498357,1.33594658,-1.53108962,-0.25770640
1.74405261,-1.95177958,-0.83247880,0.19197086,0.65780367,1.38924694,-0.16181442,-0.25866447,-0.32036990,0.01570116
1.32140324,-0.05359279,-0.00230678,-1.70997279,2.12063667,0.08772203,-0.46384267,0.64616480,-1.20551842,1.82408989
0.02543824,-0.85971852,-0.95032815,-0.32403924,-1.12786298,2.62422189,0.32188595,0.96310819,-0.20311999,-1.28344411
0.34537695,-1.00076721,-1.99580433,0.34724396,0.24362493,-0.25565001,-1.27919962,-0.87520139,0.00401061,0.51212035
0.68546346,-1.49930502,-0.56712252,-0.85343073,1.81504065,2.76183750,0.45275214,1.52972066,2.38179906,0.06174381
-0.36388984,-2.30766605,-0.16486419,2.44943840,0.80184940,2.32846058,0.63568624,-1.12738866,-0.03223124,0.75745211
-1.56140760,-0.39083406,-1.12712416,-0.99592434,1.18436207,0.42370534,0.31956788,-2.36034106,-1.65000318,-3.33850237
-1.76181866,-1.59208616,-0.80345947,0.64997559,-0.58806604,0.91183711,-1.01373943,2.59912273,1.12452203,-0.54117169
3.11859689,0.25495109,-0.16721163,-1.74543625,-3.97760444,1.17467852,0.53706339,1.48488470,-1.28257273,0.05414565
-0.44700752,-1.16108551,-0.86287184,-0.60905072,-0.11228579,0.84662011,0.73003066,0.68130091,1.54227204,0.39416019
0.03194604,0.52733713,-1.45078351,0.53888886,-1.30232711,4.57325982,1.05464266,-1.44547188,-3.02449147,-0.56360668
0.97465700,-2.62071927,0.22627331,0.20030661,1.91005807,0.81144116,-0.18582132,-1.00363767,0.19576311,0.73553858
-1.54379487,-1.79248813,-2.36917302,1.91655471,1.20705873,0.28825554,-0.41158220,-3.17493713,2.44073363,-0.07966646
-0.58577706,-0.35655466,-0.80919721,-1.75670320,-2.41390179,2.98222042,0.64970079,-2.05401472,-1.54325483,0.04223758
1.49650502,0.40334661,-1.79867001,0.57988926,-0.56650287,4.34854135,1.08975219,-0.87792554,-1.23138770,0.43911413
-1.82611922,-2.03909493,-0.93283351,-1.04738469,1.28347057,0.32444091,-1.50648610,-1.09386995,1.54843029,0.50660294
0.08573369,0.74764607,-1.52872853,1.48068130,-0.12433279,2.04766987,1.18227033,1.02752172,-0.40206932,0.16601255
-3.37224982,0.30325838,-0.85349536,-1.41664213,0.63351028,3.56498095,1.07061527,-0.99342056,-0.15817335,-1.89832538
0.06961882,-1.06373547,-1.21196002,-0.25789593,-0.81309013,0.80377413,-0.49215845,3.01750898,1.89575839,0.15849099
0.53432190,-0.88411553,-0.18912610,0.59397121,-1.35158588,0.70318404,-0.15058375,-1.57556329,-0.19173040,-0.60091388
1.66105035,-0.02991444,-0.25190141,-0.41918212,-0.71385074,2.12715416,0.08240972,2.68362036,-0.57479279,1.61035061
0.89089406,-1.29487025,-2.04028585,1.31967584,-0.55022787,0.35773960,0.42667451,-1.58022009,0.67934315,-0.57160444
0.28152550,-0.31889817,-0.11383174,0.36906822,-2.52846782,0.63877725,-1.22555972,-1.30269156,-0.07102089,0.56918869
1.42768672,-1.81993519,-1.52926031,0.00833619,-1.90559022,0.37952735,0.52100758,1.63345383,1.70808958,-0.34686813
-1.27567294,-0.86653572,0.66949283,0.64015583,-1.84128182,-0.09109025,0.26133331,0.16864127,-0.36871768,-1.09446478
0.73751563,0.24285997,-0.14767707,-0.29521244,-1.60513392,0.34294415,-0.37099636,0.56580548,-1.39146848,-0.71617932
-1.06337480,-0.17913115,-0.55522645,-0.31591990,-0.92919890,0.28252172,0.80748436,0.00941509,-0.09255881,-0.80291022
0.50921983,-2.13152374,2.57498044,-0.16539763,2.85225975,0.71262486,-0.44418323,1.00324685,-0.89535808,1.16344794
1.29635996,-0.39250260,-2.57127452,0.98205330,-0.21328814,-1.49739783,-1.06450042,-0.75652078,-1.27781071,-0.19933716
0.27904960,-3.15351408,-1.86886989,-1.31209735,-2.09349651,-0.97304282,-0.97784872,-1.45549335,1.31676650,-1.28596039
1.94529661,0.70008070,-1.28911641,0.54058083,0.60155905,-1.43530270,-1.45831038,-1.30755593,-1.42324559,-0.37975677
-3.42435673,-1.91111653,-0.54842705,-0.40634080,1.83368241,-0.15775260,-0.57463343,-0.43649124,1.08500335,0.95172663
-0.61064789,1.39649305,0.21917504,0.02166486,-0.64440025,2.59807453,0.91343223,-2.20016436,-2.62036216,-1.86027382
0.61364458,-0.35781747,-1.60312132,1.90285072,0.30705333,0.06488287,-1.09933728,-0.53302152,1.12920709,-1.27266130
0.70613909,-0.10584229,0.45094139,-0.62573614,-1.87761820,-0.39450791,0.98960280,2.38254849,-1.40152450,0.63076573
-1.39694444,0.23558686,-0.64468228,-0.50545839,-1.24188063,1.65474106,0.12057007,0.15551520,-0.38779776,-0.64923788
0.67198073,-0.15328036,-1.01852600,0.28867393,0.42047954,-0.95536874,-0.10408192,-0.82541790,-1.04865848,2.55333431
0.38401808,-1.56235816,-2.00757363,3.92164109,2.22279350,-1.18020096,-2.56005949,-1.54343184,0.76621623,0.83901953
1.55831201,0.13512217,1.20917527,-0.86274124,-2.54053669,-1.94651735,-1.28863430,-2.79238722,-2.54320246,0.49464391
-1.32913197,1.35470895,0.56646527,-1.32065415,0.91987459,1.48849050,0.01185057,-1.32250252,-1.77784636,0.72576777
-0.10210816,-0.01199902,0.02193262,-2.02188054,-0.29959008,1.66464847,-0.48524237,-0.43753510,-1.05316782,-0.52431385
1.32613937,-0.56690810,-1.60731152,1.34420008,1.44937063,1.23911128,0.32151737,-0.81956734,-1.46946669,1.20882465
-0.49635412,-1.96425419,-0.59272442,2.01892193,1.64552985,0.48222126,-1.28383347,-0.66329737,0.22795386,0.75232099
0.24588366,0.08464638,-1.71536410,3.14889265,-0.94662698,2.22298845,0.96395054,-1.89394826,-1.11670219,-0.77568625
0.88354678,-2.08433732,-0.31543419,-0.66092577,-0.23467640,-0.18197083,-0.95779121,0.37134048,0.83753757,-0.35038051
-0.00541232,-1.33738648,-1.25860899,2.96516576,0.72610336,-0.13664366,-1.97825040,-0.81046713,0.12999505,1.17619605
0.06041555,0.00147749,-0.85742730,-1.64720623,-2.71357581,2.31112178,1.25453049,-0.93875893,-1.15824507,0.42838605
1.27060031,-0.93937821,-1.63135448,0.60022891,-0.89503135,0.61455256,-0.04882398,-1.75257443,-0.17962448,-1.50701772
0.36202233,-0.84549959,-2.50628082,0.89581691,0.86383483,1.18994280,0.10510365,0.29626875,0.48100148,0.27086630
1.09090959,-2.07319312,-0.13446932,-2.38156226,0.25314536,-0.26129365,-0.35818300,0.62163896,-0.86821193,-0.66236792
2.06389263,-1.66030414,1.01078814,-1.76686155,1.05076344,0.07099893,-0.31486948,1.34288124,1.73715477,1.00141900
0.32951686,-0.11955118,-0.69682114,-1.48077902,-1.76369441,-0.37980178,-0.41168052,-1.78802596,-2.52549829,-0.26831697
-0.69807057,0.85170592,-1.13902298,0.46403852,-1.11250132,0.16699240,1.89863387,1.34538471,-1.37152516,-0.35087462
1.89915317,-1.86018859,-0.57936771,-0.36172814,-0.83820215,2.81837794,1.06527273,0.20470911,1.66494486,0.25450954
0.24823273,-0.80632012,0.94273350,0.12717967,-1.04589985,0.85636800,-0.71168939,-0.19172608,-0.40618859,0.95403231
0.32153854,0.16857058,0.74478591,0.67120940,-1.71980717,-0.39639792,-0.78171360,0.67323189,-1.73913634,0.54535285
1.12860721,-0.15177362,-0.59937781,1.00807968,-3.95253724,-0.77688696,-0.08699291,2.18847905,-1.47518282,0.27766754
0.65759728,0.69647275,-0.99479577,0.81345053,-1.03251058,2.24267534,2.04579024,2.79634189,-1.75334792,-0.66881850
1.97811274,-0.91275569,-1.20723039,1.16810385,-1.82272314,2.20176663,0.92096769,1.19172219,-1.19140094,-0.74057042
0.91562528,-0.80310747,-1.88351448,2.85006473,0.01953125,-0.02460198,-0.49898665,0.47677703,-0.13285967,-0.07487189
1.82441587,2.03796721,-0.43508755,-0.36965906,-1.16883135,1.71340377,1.62234345,-0.86373157,0.81295512,0.62070583
-0.29717068,-2.50527592,-0.95183605,-0.31363497,-0.41624642,0.69043905,0.82211031,0.14966102,1.34084272,0.62493809
-0.79656350,-2.09280298,-0.22397154,-1.97914469,-0.17723269,-2.67786492,-0.58528078,-2.27822616,-0.07499048,-0.29630351
1.85856334,-0.23201375,-1.01093458,-1.01636732,-0.91894391,2.05824293,1.49376093,-1.70241430,0.59182139,1.22129270
-1.99457553,-0.63073815,-2.23917353,-1.99064430,1.46097838,1.21192100,-0.00146985,-1.07584125,1.23144340,1.40805872
-0.41656432,-1.79085945,-0.67541915,1.29414244,-0.29796052,1.75938158,-0.00119828,0.00926724,0.58709426,-0.41496768
1.53357498,-0.58849328,-0.55580563,0.48402905,0.70592302,0.98041221,0.31025652,-0.36035453,1.04487692,1.57059860
1.28956514,0.29806962,1.79452101,2.91689036,-0.98023545,2.49707162,0.37480116,0.19435811,-1.52120141,-0.37762745
-2.22866808,-2.35876047,-0.15336692,1.93459389,2.31633425,0.26033990,-0.70660363,1.06379365,-1.18855128,1.53016824
-1.80372155,-0.44671434,-0.62924468,-0.28410617,-1.19759457,0.93585655,0.34932252,-1.92236136,1.18035493,-0.08790043
1.05716271,0.33501447,-1.65881111,-2.65015919,1.56111562,-1.16184710,-0.30005976,-0.68977446,-1.85450786,-2.60876485
-0.22292671,-1.43247273,-0.59938708,0.36361763,0.38129607,0.83719713,0.76768522,0.30229102,0.52964825,-0.40994406
1.22475442,0.47371349,-0.56707974,0.66274158,-2.40424942,1.95148424,1.37135528,-1.48020456,-1.24045299,0.24729343
1.45399133,0.86457655,-0.06671506,-0.22380860,-1.99639109,0.71649009,0.05173516,-1.22670937,-0.65844075,-0.35474451
-0.30147084,1.32411889,-0.90937501,-1.44442948,0.53244607,1.78058204,-0.15216017,-0.94853722,0.08738816,-0.57556177
0.96872304,-1.23121524,0.16635273,-0.71822333,-1.24535658,-0.21720065,-0.77119271,-0.45017240,0.32021254,0.14124170
1.09298864,0.08731247,-1.66597145,4.13683870,0.47416877,1.83002879,0.29456306,-0.11209733,-0.96648753,-1.10878463
-0.85283318,0.64916201,0.96070133,-1.20114555,-2.95348811,1.27984267,-0.26102606,0.66988587,-1.13140789,0.34849003
-0.64078641,-1.10684992,-1.24630304,0.58224185,-1.34148607,-0.23319762,-1.54686701,-3.66290616,2.09535250,-1.34309210
0.82026251,-1.57750212,-0.99531751,0.22037784,-0.72461417,1.72686395,-0.92981263,1.57027931,-0.41819235,0.20455223
-1.17561406,-0.18749196,-0.72443091,-0.73490961,0.66386858,1.90097674,0.97108795,-2.46319303,-1.84817929,1.53332821
1.62135031,0.00144457,-3.00955871,-0.34565137,-1.50169382,1.75963743,0.98940131,0.74653574,-3.67255120,-0.21484515
-1.91882844,-1.41525537,-0.67272690,-1.32328707,0.19598651,0.88766253,0.58615895,1.96657563,-0.38413697,-0.27327132
-0.77069410,0.91035473,-0.21680672,-0.73454961,1.49154916,2.05705101,1.22833776,0.16653986,-0.96179435,-0.82683704
-0.34627881,-0.73751627,-0.57975477,-0.08326811,-2.38920062,1.34942479,-0.30107344,3.18447125,1.84454752,0.34188391
0.82903527,1.34070468,-0.82516352,-1.11396297,-1.27459483,2.92135928,1.49791530,0.33801250,0.63390445,-0.73231584
-0.91145191,-1.30648578,2.04327518,2.15889463,1.55773516,3.09882243,0.46976225,-1.84469429,-0.24548832,0.91337611
-0.10503734,-0.15684117,-2.36162725,3.76391800,-2.69650046,2.47921754,0.99253847,-0.60969084,1.82402369,0.39234552
-0.61631427,-1.88263915,-2.34539734,0.30755061,-1.11163676,-0.14112675,-1.60538913,-0.03921560,0.69306301,-2.96740414
0.45837929,-0.20445444,0.35803866,0.17295485,-2.72995720,2.04002336,-0.71972236,-1.52654853,-0.98745670,-0.65454454
0.20739324,-0.36104847,-1.59680608,0.56601393,0.40623270,0.17762516,0.05380182,-0.32076717,0.74980528,-1.70604799
1.73992603,-0.80390274,1.65600906,1.64147489,-0.61957942,-0.11706903,-1.15296425,-1.07571436,0.87870428,-1.03421476
-1.82465190,-1.08087204,-0.93443762,1.09515219,-0.10928425,0.09886532,0.26321172,-1.01837883,0.54259880,0.87151786
-0.15998244,-1.74738065,-0.72254717,0.74712309,-0.21018181,0.94332586,-0.11002156,-0.87045879,-0.02091464,0.75518191
1.02896310,0.93824956,0.77785139,1.13248534,-0.19004829,1.10723649,0.73902835,-1.09019222,-0.68825969,-0.21980101
-1.20866740,-0.75193876,-0.42693988,1.62710431,0.18117823,1.30189000,0.24729805,-0.63261538,-0.60701265,-1.25472939
-0.34900214,-0.42577602,-0.35070515,-0.16127339,-0.29905746,3.45740623,1.24718315,-2.72361273,-1.64069078,0.33183892
0.68879031,-1.76157870,0.46106594,-1.41196638,0.36243337,0.45715257,0.00893490,-1.06785955,1.85167818,0.88632282
1.64517283,-1.04805497,-2.10165486,2.15368484,1.66036563,1.32174035,0.04630498,0.51530120,1.20305183,-1.35218208
-0.73410688,-0.79257741,0.28689918,1.50716349,1.90966951,0.98230159,-1.50561118,0.07101775,0.38274025,-1.83478269
1.38889435,-0.98863272,0.96657180,0.69456757,-1.44227239,2.64609355,1.00614506,-0.21199594,-0.28309415,-0.18461834
1.04248527,-1.49216326,1.12240573,-0.50734528,2.20702250,1.53930805,0.43803109,0.26291016,1.97000273,1.72447485
-1.20096515,-1.57343940,-0.19516900,-0.46506274,0.15566471,0.39721657,-0.58121088,-1.98391469,1.68609658,-0.28806651
0.14129915,-1.40610877,-2.00122995,-0.58569624,1.19739148,0.48171900,-0.23966652,0.29544456,1.16956904,1.20329507
1.89945439,-0.54421896,-0.67746441,-0.39874609,-1.85346950,1.47346977,2.65008221,0.55235796,-1.37071505,0.30174325
2.77208632,0.56536530,-2.42497185,0.96391944,-0.88460209,2.78719796,0.73525259,0.39599928,-0.13457162,-0.32160141
-0.21897049,-0.39428649,-1.01551814,-1.33742722,-1.80207134,2.06845411,1.11901378,-1.94681518,-1.16448407,-0.08728878
1.53282360,-1.91954363,3.51963397,1.17659464,3.05257304,0.97823620,0.53114545,-1.82493204,-0.61342677,1.44980839
-0.36063865,-1.65997561,-1.75223873,2.57752094,0.12491675,1.34424408,-0.07416849,-0.60750940,1.77729633,-0.59855533
-2.87920084,-1.60985038,-0.39987460,-0.41313190,0.87495043,2.88730860,1.68376907,-0.20950155,0.60200992,-0.04992239
-1.32867476,-1.63485301,-0.48735963,0.00392692,1.65755845,0.51423396,-0.57487837,0.63502059,0.41197059,1.34269873
-0.09518947,-1.19925622,-1.92065566,1.63788940,1.78142160,-0.73235600,-1.06813579,-0.07672209,-1.34507258,-0.05488753
0.06372507,0.21263186,-1.73216788,1.67088420,-0.88247903,-0.25755572,-0.57573696,-2.96155710,-2.53541199,-1.10644935
-0.72620343,-1.44908132,-1.38703873,0.76237865,1.47535106,1.37761132,0.46519974,-0.75712772,0.96726587,1.16202539
-1.42887901,-1.56134328,1.21119817,-0.98248520,2.84847870,3.50967905,0.95831658,2.24372357,1.59838684,1.66805288
0.38702655,-2.12228961,-0.68141133,0.52138040,1.02056922,0.52157410,-2.64123713,0.23998477,-0.00701602,0.81915692
0.30151244,-0.12930909,-0.97742936,-1.74944073,-4.05977739,-0.63436447,-0.26800126,0.37803794,-0.30860832,0.10758670
0.85068557,-0.33465742,-0.95340362,0.67715161,-2.47643848,1.14741336,0.63463720,0.22681680,0.20279811,-0.95260391
0.00085315,0.60146347,-0.49150435,1.11048357,1.16021324,2.31538941,1.78048662,1.03818562,-2.30576744,-1.90522000
-0.20216197,-1.19400770,0.09625811,-0.39764684,2.03770916,2.81818701,1.33965176,1.36139113,0.46051148,0.67737253
-0.72011149,-1.12315718,0.42997718,2.01432216,-0.31026772,0.32609429,0.33085286,0.00822057,1.38784967,-1.86170954
1.33170868,-0.60617292,-2.12454237,1.28434003,0.63385037,-0.16739551,-1.09662042,-1.50389483,-2.63980513,0.80352831
-0.69688835,-0.70569747,0.06523318,-0.01316883,-1.14869363,1.52788105,0.86527090,-3.74425761,0.19606479,0.96400900
0.37284850,-2.04761293,-1.66366698,1.15610234,0.64221834,-0.44487644,-0.36040138,0.36853499,1.05186546,-0.69825672
0.65462501,-1.76427621,-2.53173956,-0.06484106,-0.03217346,1.55687852,0.00001253,0.66433022,0.18955900,-2.38716511
-0.95101120,-0.56497083,0.91458707,-1.95982283,-0.97027003,2.48999847,0.28796337,-0.18809549,-1.76659823,0.91363324
-1.00816949,-0.21069021,0.73084878,0.30624895,-1.29892132,1.10554821,0.04776175,0.35239817,-2.10402485,-1.48847456
1.75491971,1.31432273,-0.91247548,0.53026209,-1.32099505,2.33973163,-1.81662107,-2.29423802,-1.72042602,0.55414604
-0.76339413,-2.65707229,0.22308518,-0.34776378,0.16207658,0.51153860,-1.61945721,-0.47362782,0.86681630,-1.05745914
0.70039695,-1.62231984,0.44128654,0.22548604,-1.45952716,0.05587345,-1.40342849,-1.68757520,0.83672653,-0.36677141
-0.30463639,0.45294872,-2.17191321,0.31998034,0.90414218,-0.95132826,-2.12368422,0.37928943,-1.17038350,-1.20315390
1.01941581,-3.07799386,-0.86252105,-0.44128332,0.68566821,-0.02520978,1.49100148,-1.27790376,0.60043996,-0.20694040
1.33718044,-2.20384836,-0.83544678,0.01553096,1.88251369,0.70826823,-1.15451535,0.69252386,-0.21543968,1.56402431
-0.15216462,0.47147951,-1.76178765,3.17236934,-2.12049792,1.57203997,1.09176286,0.63259931,-3.23181410,0.16980210
-0.98219817,0.32335853,0.72159575,1.89357539,-0.67460103,4.08915343,0.15715734,0.90593030,-3.30355865,-0.54840913
1.07447620,-1.29371733,-1.22222427,0.97424252,-0.23101909,0.75450021,0.63114197,-0.36497040,0.36672112,0.56645911
-0.88264433,-1.37126176,-1.62379206,1.04223814,-1.24217473,-0.94678838,-0.47534373,-0.14680444,1.37709991,0.29650357
-0.77820485,0.78406523,1.24443051,-0.76646618,-0.55176344,-1.84713977,-0.46378939,1.54769933,-0.69624547,0.08341902
1.28938440,1.13103716,-1.37139664,0.11266505,-1.44503543,2.14201480,0.80050121,0.43438202,-2.35412592,-0.65352334
0.31171100,-1.01179631,0.46217393,-1.99167909,-1.86312343,-1.14361789,-0.87384661,-0.13286259,0.14295068,-0.36252711
0.37086391,-0.26768309,0.08701978,-2.78330673,-0.68554108,2.33434845,0.58470189,0.63316323,-0.86053946,2.75729104
-1.61033817,-0.58396496,-0.23597585,-2.25616607,-1.38187526,-1.59598313,-0.88351879,-1.29700848,0.33927269,-0.00794497
1.00479372,-0.22624232,-0.40917979,0.99344539,1.05908591,1.08180353,0.68724226,0.30826876,-1.00589273,-1.57204824
-0.44614061,-2.99707673,-0.82888790,-0.83931672,0.34396290,0.30179758,-1.61387618,-2.11700744,0.97462744,0.94973723
-0.09423200,-0.30004518,-1.07609443,-0.92264734,-0.74348426,1.51520971,0.53583032,-1.03286956,-1.45418296,-0.40501239
-0.84709325,-0.80123145,0.51647761,-2.55909529,-0.31905504,3.26405699,2.34934392,-0.56592228,-0.21205260,1.79234491
-0.18021038,0.84189177,-1.48816411,0.39373057,-1.37336370,1.31724122,0.43908973,0.43214277,-2.34552519,0.11129259
-0.82438149,-0.18428512,-1.02152050,-0.70665604,-2.23870918,2.94803908,0.94805024,-1.87538835,-2.17217316,-0.58065584
0.27561552,-0.95663607,-1.61924825,1.20670123,-1.16599881,-1.01887678,-1.35812155,-1.32825560,0.85190547,-1.42544347
-0.15894585,-1.72868733,-0.68603541,0.67084311,0.56102763,-1.01787587,-0.07280312,-0.44161477,0.69055078,-0.65427490
-1.10495740,-2.55622175,-0.57470431,-1.88062818,-0.32099808,-0.13905357,-0.83311410,-0.31411263,1.20015441,-0.25383086
1.04192880,0.95490698,-0.57545426,0.14052366,-1.46449810,2.39643666,0.67420940,0.75965240,-2.46334433,-0.11833472
0.82291924,-0.01623031,-1.39004364,0.01049306,-1.01765577,2.41137410,0.52248466,1.79682100,-1.01133105,0.89754423
1.72039991,-0.25179551,-0.41440761,0.74143812,-2.33574848,2.40349484,0.23428491,-0.61622853,0.49467798,0.26358136
-1.03729798,-0.28883958,-0.39288002,-2.05848989,-1.34178278,0.53031596,0.91909619,1.61476071,-0.62786034,-0.04106161
0.29147758,0.32679757,-1.31065127,-0.33592318,-2.79892925,1.80129501,1.23230026,0.03217497,-0.59623880,0.06362297
0.41834369,-0.80073364,-2.84352435,0.91381288,0.68398712,-0.99617586,-1.23248358,0.02917298,-0.81893005,1.37215110
0.50892528,-1.29425549,-0.24698069,0.74379020,2.28740794,-1.11902412,-0.23585890,-1.97639055,1.01669973,0.83868148
1.03284396,-0.17957491,0.30459779,-2.08520455,-1.50278585,1.43158861,0.50328665,0.87769319,-1.51356827,-0.77145703
-1.58619077,-0.90862946,-0.46464727,-2.95764257,0.06012928,0.91121841,1.48097153,-1.98981278,-0.00398234,-0.36620371
0.29939384,0.27899728,0.52489249,-1.54585801,-2.33411950,0.95364963,1.04566129,0.60470002,-1.79125900,0.39868877
-0.68932852,-1.30673969,-1.20543071,-0.62103260,0.77598653,0.37313955,-0.46142889,0.62291945,-0.65563472,0.99915998
0.42264030,-0.30074495,0.51538279,-0.59693915,-0.92279108,0.59593576,-0.20029315,1.79057162,-1.33871198,0.20102781
1.46930037,-0.86133272,-0.47863962,-0.40043833,-0.14185693,0.54952419,0.14193812,1.73381410,0.55281447,-0.15098610
0.29962464,0.04221477,0.88589583,1.37154611,-0.79201610,0.94506132,-0.52302090,1.36635970,-1.51164578,-0.47052304
1.55294579,-2.90103815,0.95649526,-0.71930497,-1.03074968,0.36455950,-1.55165095,-0.84977595,0.05809803,-0.36146558
-1.18783727,1.30887704,-1.75601510,1.41621242,0.10308646,3.35908740,1.81154557,1.71584066,-2.88785237,0.68152616
-0.11858028,0.64621456,-0.10725870,-2.24225031,0.37417342,-1.53076368,-0.48962590,-1.24995995,-1.91809993,-0.92944965
-1.21424713,-1.36768300,-0.26458134,-0.21248587,-0.45436661,0.14978323,0.68518748,0.76029656,-0.65795672,0.03740933
-0.41766126,-1.55669233,-0.16012036,0.62831733,1.74741833,0.28944295,0.45424252,-1.08739071,-0.13843168,1.92691249
0.64119651,-1.58054177,0.00493456,-2.68976346,1.91989442,2.41689239,0.90836624,-0.11032227,3.29084082,0.92532495
-1.00633200,-1.75021483,-1.52418237,2.50023776,1.61644373,-0.06130292,0.49157170,0.41326281,0.93361490,1.18843844
1.93242441,1.18743385,-0.20955159,0.78704613,-0.84050198,1.93173754,0.10229483,-2.19495012,-0.26766947,0.39135619
0.25524066,1.54035311,0.96890299,-0.91454710,-0.19725887,0.80077819,-1.43861420,-1.87976630,0.43330169,0.62260946
-0.37511669,-2.19796898,-1.52409525,0.32328393,-0.34688822,0.38180116,-0.25969165,-0.14345317,-0.03748843,-0.90160545
-0.18495741,-2.44874593,-1.89542957,-0.90857556,1.08450106,0.07271969,0.59343038,-1.43036874,-1.66363947,0.25600963
1.91990283,0.13666664,1.10744089,2.26899217,-0.91515973,-0.54822485,-0.63653361,0.21934270,-1.18234873,-0.87503247
-0.27267646,-0.33691643,1.35422197,2.60944924,-2.68627619,-0.92925204,-1.15661392,3.59823277,-0.83846610,-0.43963784
1.33247418,-0.73257202,-1.60829617,1.90560543,-0.11385534,-0.00666483,-1.40327184,3.02901514,-2.56199248,-0.20457940
0.04210685,-2.77039046,-0.10210557,0.72360910,1.36540647,0.49689345,-0.59237515,1.72650301,2.30709617,1.08733283
-0.28024083,-0.64977744,-0.27354500,-2.40168966,-1.57495670,1.65514547,0.31228445,0.25098834,1.16372537,0.22706066
0.56454856,1.83217457,0.00240490,-1.09912793,-0.24631355,2.16339347,1.65460030,1.67564551,0.30251444,1.55733112
-2.50773300,0.49120395,-0.72733485,-1.34133296,-0.35304365,2.08577544,1.02770456,1.26633298,0.00919090,-1.48007052
-0.86070935,1.54037152,0.24186844,-0.97544176,-0.67195608,1.51786853,2.51679387,1.77372096,-1.97257104,-0.82073241
-0.07783658,-0.10277390,0.29575864,-1.50991878,0.05980338,1.36476210,1.42649088,0.87367981,-0.83235428,-0.82684519
0.80623105,-1.55340039,-0.60691072,2.05406245,1.64947811,0.56699096,-0.30916481,-1.77285641,0.19387775,1.31326935
0.93089818,-1.43017897,-0.02882915,0.02329161,0.31580614,2.23963527,1.56685827,1.19369244,0.93255598,0.58185227
0.33841901,0.81140709,-1.00883676,0.23657211,-2.32012906,1.31795688,2.25640654,0.59131436,-1.59236013,-0.14629764
0.36897933,-0.90462600,-0.68393625,-0.01369272,0.05936185,2.83650360,1.28674068,2.00504461,0.86501933,-0.03384851
-0.09348882,-1.50887770,-0.40836968,-0.21264797,0.12173827,2.85895857,0.34796538,1.60702233,-0.03802368,-0.84227946
-0.93999575,0.31605110,-0.87930905,0.65321888,-2.59232231,1.62344984,-2.75861816,2.80665607,-1.66195776,0.08630768
0.37247178,-1.23372697,-0.53221587,-0.33417524,0.41744514,0.14373770,-0.00614572,-1.18508413,0.58240084,-2.54443494
0.53621355,-0.18992823,-1.06456640,-2.19850374,0.40480330,0.83971741,0.14860272,0.62166453,0.19958302,1.03582775
0.81684715,0.88635334,0.52302408,0.95987780,2.16982186,2.19970937,0.13486464,-2.30959925,-1.47085669,-1.14324923
-0.38444428,0.75371248,0.79571639,-1.80592356,-0.09154615,1.77500861,0.99977844,0.84851214,-2.18380696,0.23256655
-0.44577307,-2.47951279,0.56284912,-1.83376878,-0.54471621,2.93116652,1.22837148,-1.03902947,1.80321289,-0.38084653
0.94728882,0.21133893,2.30056485,2.10130818,-1.16297347,2.44506592,0.42548990,-0.09834232,-1.06957361,0.37735160
0.26315897,-0.68481951,-0.75102198,-2.26171665,-1.54936576,-0.88189828,0.00034153,-0.14665912,-0.00074516,0.67349706
0.79600692,-2.66465357,-0.14295376,-2.28453800,0.46540132,0.10746569,-0.34378124,-1.58958355,1.31391151,0.29767494
-0.01071441,-0.10087100,-0.62559772,1.55494043,0.07644729,-1.06669433,-0.72495229,0.68633714,-0.87470306,1.24355689
1.32837354,0.46701713,-0.87263278,0.65777719,-1.10744439,1.34766766,0.90209542,0.97205837,-0.06530713,-1.17797073
1.58383543,-0.29791403,-0.83622654,-0.90798663,-2.91726468,0.60548919,-0.56053025,2.25590573,-0.40744130,0.55183756
1.02907745,-3.46132075,-0.63174892,-2.96391158,-2.00411288,0.47399367,-0.25919231,-1.28460688,1.44754081,0.24534778
0.02124182,-0.40451591,-1.57436743,0.84677574,-0.62812977,2.08777616,0.88649082,-0.17946962,-1.97340382,-0.69343870
-0.03429908,-0.55349519,-0.13612940,0.39624463,-0.64880951,2.13414080,0.82439965,0.10709440,-0.04284850,-1.35765977
-2.82147471,0.23403626,-0.98800234,0.82824951,0.49699326,3.35883127,0.45898743,0.84515733,-2.99549981,-1.50180071
3.07453064,-1.63774677,-0.99287628,1.34596925,1.95710764,0.92771005,-0.91995933,0.09431349,1.62518694,0.03946648
-1.12290320,0.31246081,0.10107052,-2.34618760,-2.35954088,1.28481526,-0.10103305,-1.19351741,-1.01686506,1.14087779
1.14235177,-0.94368537,-0.41719014,-0.36965536,-0.64696265,2.33750410,0.90145084,3.70405517,2.01581878,-0.33103428
1.60398603,-0.41009900,-0.97945122,-2.16381921,-1.88405876,1.51153128,-1.49186626,-0.29621882,-2.14540857,-0.00478561
-0.13981053,-0.83054288,1.04203101,-2.05897785,-3.03559390,0.46021081,0.44833377,-2.00020676,0.28965468,-1.06040942
-0.47572981,-0.79457350,1.05082604,-0.34134964,-2.04829735,-1.27105335,0.42560104,-1.08824120,1.40955846,-0.40161430
1.59326379,-1.55707033,0.68601608,-1.97057581,-0.51614903,-1.09732951,-1.08233913,-0.62030952,0.98755043,-0.71590633
1.62056815,0.84233804,-0.94344511,-0.62037206,0.18188377,-1.30821068,-0.94777252,0.37086423,-2.52636914,-0.94593817
-2.66757642,1.64263302,-0.88622734,0.04491827,0.46717703,3.02076955,0.02111723,1.48884727,-0.18501957,0.19051213
-1.09905555,-0.94824189,-0.89173864,-1.26292524,-1.38949293,0.93365791,-0.28998298,-1.13200670,1.50210751,-0.68888018
-0.46174668,1.34978673,-1.82707812,-0.72856927,-1.28641950,1.33722424,2.77555830,2.56911848,-1.26226012,0.05172128
-0.24356002,0.05393268,-0.58149242,-0.83535491,-2.87592030,-0.64459258,-1.74132193,-0.07806618,-0.88390063,-0.09055748
1.64102042,-0.55188842,-1.76603439,1.27251910,-1.16654725,-0.98340398,-0.47847226,-1.02782967,-0.09730497,-0.62929387
-2.10966958,-0.62188680,-2.13064167,1.85185634,-0.05736502,1.57654448,0.36632210,1.50684593,0.22927908,0.57807668
-0.11967912,0.73902705,-0.50249979,0.52800497,0.70396430,-1.40349635,-1.59999301,-3.06260298,-0.69428232,-1.58845723
1.32896818,0.10736935,0.09580479,-0.42852544,-0.34218630,0.93623567,-0.56141605,1.57565308,-1.26804419,-1.58704640
-0.68363069,0.08301304,1.01954374,0.62232900,-2.45746370,1.10219039,-0.09561528,-0.01828821,-2.17485579,0.50915623
-0.65291777,-0.41896871,-1.13995837,1.20576890,0.70232948,1.58409225,0.58683975,0.39727697,-0.10350507,-0.75806604
-1.46165069,0.20806150,-0.71280457,-0.38252775,1.11312539,3.72662742,0.18012030,-0.58630190,-1.37357007,-0.94129263
0.09868175,0.88555965,-0.62652650,-1.22900689,-0.60540873,1.53137230,1.20052466,0.36587478,-2.76043640,-0.92624068
0.16882694,-0.19149777,-0.80977916,-0.59199626,-0.08496099,1.47197211,0.19606767,-1.47334038,-0.46880331,1.32845843
-0.47977297,-2.37215490,0.51946982,-0.19748335,-0.42625877,0.35150348,0.36802362,0.77179095,1.30384087,-0.36484142
-0.26583936,-1.26173937,0.50062138,-1.01925479,-0.64142893,1.18247016,-1.30792492,-1.12610196,0.97897943,0.19106024
-0.47041511,-3.14744770,0.32658542,-1.99442998,0.08547239,0.69401952,-1.08217037,1.34378130,-1.51223077,-1.03744385
-0.58897272,-2.57654768,-0.88051799,-0.13931099,-0.42267241,2.23401012,1.24297888,1.81465914,0.48176149,-0.39953421
0.45718474,-0.18522981,-0.76483746,0.22483536,-2.20563261,1.39540301,-0.02514702,-0.69907576,-2.21201506,0.73728096
0.42437276,-0.68141079,-0.21713476,-0.67681966,-1.55558944,1.31762715,0.53999369,0.48395070,-0.53577321,-0.32419254
1.80914064,1.16797480,1.46855903,0.78773461,2.65853704,1.73873855,0.48537896,-0.80092244,-1.04122589,-2.28537309
-0.19713427,1.07375896,0.66435232,0.03694530,-0.52243018,1.51947789,-1.43862352,1.79007914,-0.62579803,-1.22627882
-1.86950642,-1.27597244,-3.31581102,2.64782053,0.51893863,3.29500271,0.71286718,-0.00314940,0.03886318,0.74088758
1.35385218,-1.80187257,-0.07781301,-0.40185427,-0.46878595,-0.31500313,-1.03907654,-2.08421117,1.29713201,-1.40060342
1.50262521,-0.82421093,0.53948513,-0.85017488,-1.55140320,2.84097812,0.31687384,-0.76166677,-2.23865797,-0.00489929
-0.17065988,-2.13765519,-1.04371300,0.38476074,0.11722361,0.96525391,0.26253591,-1.08266658,-0.47167000,0.75352188
-1.83141661,-1.32986446,2.27264552,1.54354424,-0.94652246,0.08209257,-1.08268517,1.49164682,-0.17837594,-1.00778510
1.26624919,-0.40898805,-0.56487896,-0.91034628,-0.74442905,1.28866641,0.71626940,3.25452400,-0.58820855,-0.28443180
0.34334376,-0.83748005,-0.26190274,-0.16679917,-1.98934938,1.23636695,-1.45373437,-0.05617332,0.46740339,-0.38895895
1.74662803,-0.68938429,-2.96360736,0.92107094,-0.84791630,1.14235876,0.17690960,0.83342568,-0.72180438,-0.86673138
-0.38154421,-0.87796902,-0.72255343,0.11041728,1.42125751,-0.43346902,-0.50469505,-0.49446123,0.23418371,0.66609522
-0.91148056,-0.80818735,-2.53470807,3.60202333,1.17381967,1.22040266,0.32740650,-2.23620009,-0.90566594,-0.82540181
-0.68486356,-1.35675940,1.50543074,-1.04991905,-1.77260615,0.26418217,0.19892010,-0.65612639,-0.04423454,0.11309111
-1.06006527,0.25999816,1.58582785,-1.48279437,2.72993562,-1.17547051,-0.57410642,-1.19289209,-3.30262422,-2.22301582
0.41824113,0.49419443,0.15196449,-1.11348793,-0.84338466,1.73809332,0.01690614,2.19757489,-1.89850083,-0.25265357
0.87879615,0.09674244,-0.13463562,-0.90216857,-0.09852788,-1.78454510,-0.86786430,0.38039200,-1.74251199,1.47697654
-0.32790223,0.08997463,0.13580444,0.39560977,1.70916629,1.19397578,1.14735880,-1.03278772,-1.66662151,-0.99346016
2.74220188,-1.75949512,-1.24174853,-1.07406740,0.72484602,0.09424725,-0.07834584,1.74212867,0.56409955,0.23201059
-1.74607876,0.25472993,-2.02421656,-1.18000231,1.33500910,-0.17069880,-2.14813961,-1.36309816,-1.46882420,1.95063086
0.64088507,0.60448939,0.17878751,-1.74043186,-0.35617149,-1.37821880,-1.25150828,-0.99756160,-2.38850321,-1.07698064
-0.51086867,-1.89752401,-1.46183927,2.05890164,-2.45490334,-0.63361235,-1.06009039,0.28831158,1.31903070,-1.92804282
1.24025504,-1.27765996,-1.15789540,1.28772080,2.32847156,0.46955082,0.00713419,-0.95416610,-0.43776714,1.25321735
1.30271510,-0.97704916,0.25873974,-1.05527595,0.88190851,-0.89008266,-1.56833902,0.10390937,0.11635280,1.14751709
-0.86718319,-0.14459360,-0.58256044,1.08068512,-0.40669118,-2.33308761,-1.60977826,1.13165891,-0.28637008,-1.31810243
0.56071880,-0.30187961,-2.11709532,1.92378569,-3.67701491,1.29014359,-0.68779914,1.65522669,-1.05230005,0.31921238
-0.15123959,-0.63213449,0.00197613,0.02768141,-0.98151240,-0.38843781,-0.30198466,2.56320611,-1.08611612,-1.64083497
0.54572472,-1.54094544,-1.71614485,1.42350992,1.92213859,-1.20339806,-0.84928014,1.43015640,1.39709638,1.95328220
1.21861137,-2.40943918,-0.68243244,-0.17768310,0.18618542,-0.08251691,0.54075082,-1.70265980,-0.58124089,0.19209264
-1.16106976,-1.69829263,0.38849713,-1.17841544,4.62174988,-0.23258424,-0.07865756,2.93649615,-0.81861273,1.57365951
0.26230023,-0.69899337,0.20081910,-1.45992366,-0.70375050,0.85536606,-0.18627982,-0.62759470,0.31530307,-0.41808756
0.47584949,-2.53497382,-1.20289629,-0.00969349,-0.62019319,2.85327180,1.43348153,-0.28542752,1.44493871,-1.34618753
1.94566226,-2.33752235,0.05821251,-0.08256330,-0.82806363,2.30435263,1.51007180,-0.84702440,1.86589425,-1.87767581
-0.51954653,-2.01308341,-0.80506614,0.07043586,1.78074892,0.97378953,0.46745874,0.03993339,-0.16086483,0.75832973
-0.72716432,-0.75816147,0.02800340,0.65598133,-0.09414918,0.70297220,0.08795325,0.30523432,-0.56618302,0.74980056
-0.07040656,-0.48648849,0.16496552,-0.65348028,-0.90513707,-0.73513869,-3.14748773,-3.10009068,-0.35975828,-1.00102114
0.99766190,-2.03247467,-0.15397035,-1.85747507,-1.52138133,0.28677710,-0.08485005,-1.73247859,-2.52315216,-1.91993393
0.62168985,-2.56071629,-1.08055790,-1.51637448,0.37882853,-0.97229153,-0.77797997,-0.26406238,1.58317635,0.68983180
-1.05671802,0.12059264,0.89292573,0.18886769,-1.13434174,-0.48707421,0.16889587,-1.05481305,-2.83041031,0.40547606
-0.01846953,-0.92159926,-0.68582036,-1.95545013,-0.64956452,-0.70487190,-1.51045851,-1.96319598,0.78732607,-0.05592845
-0.39134748,-1.08760930,1.44920235,-1.10730824,1.19381120,0.08287794,0.56431357,2.37236205,-1.18507056,1.63274919
1.02415355,-0.23324729,1.10031130,-0.04750957,-0.31707525,1.92106375,0.99601540,-0.18588966,-1.38793076,1.38902615
-1.01411182,-1.84908295,0.72903969,-2.15238257,-0.41186526,0.99967430,-0.36377032,0.85176920,1.70781626,0.06083638
1.50883889,0.37091948,-0.71512724,0.54285699,-2.16677718,-0.76255078,-1.30576029,2.49714086,-1.72602814,0.87004943
0.90424237,-2.42810063,0.32740785,-1.20492130,1.07392565,-0.07947294,-0.67975014,0.34100203,0.04984609,2.78731233
-0.37967480,-0.13277460,0.49159507,-2.68094071,-0.58093868,1.40873198,-0.08799913,-0.48476777,-1.65424219,1.29254061
-0.45975940,-2.41386119,-0.06778381,-0.45838925,1.39142841,0.62418347,-0.42353160,0.85417399,-1.10523412,0.93385733
0.21385952,-0.00718208,0.01306250,-1.84072676,-1.40062362,-0.20851763,-0.32780436,0.50114653,-1.30138734,0.82319847
1.37891791,-0.34993688,-0.43386877,-0.84092079,-2.10699364,-1.43231489,-1.55921276,1.68822203,0.60305219,0.52024360
-0.93164764,-2.45306373,-0.39558257,-0.79013217,-0.14212275,3.06824707,1.08168329,2.54585041,0.77137896,-0.63594675
-1.39682014,-1.51019138,-1.37827078,1.57643923,0.81494664,0.18900561,1.02665172,1.67348670,1.95691914,0.43244260
0.15670764,0.97605452,-0.32161452,1.21521753,0.16468108,4.14812709,1.57337661,-2.78479972,-2.34316821,-1.67897456
1.59787857,-0.96750342,0.43611967,2.76743706,-2.86770478,1.65322674,0.59513803,0.13847206,0.07723860,-1.39560893
0.75093269,0.88736117,-0.19679002,1.37618710,-1.90846295,2.19481136,0.92282864,-1.81775572,-2.22388941,0.65706664
0.52081359,-1.28853182,-1.40480898,2.64746710,1.04145458,0.74592899,-0.12715310,-0.06153053,0.50349794,-0.06063047
-0.68528208,-1.43765306,0.52327423,-0.08996304,3.77735630,-1.13695334,-1.29098123,-0.30989423,-0.63113683,0.82429528
1.09934519,-1.38708723,-0.60017684,-0.32032868,-0.53012113,-1.60693291,-0.83268603,-1.37183549,0.22398845,-0.37187747
1.47734930,0.67180619,-0.64682302,0.07743522,-1.49007260,-0.78782956,-1.42341036,0.65941428,-1.05470532,0.30346416
-2.07374748,-2.38708319,0.31806892,-2.24263293,0.89749872,-0.03608388,-0.21242565,-0.26230629,-0.15689115,-0.70258361
-0.29688440,-3.51386683,-1.79603410,-0.80546013,0.91132666,0.20650566,-0.17963337,-0.04476832,0.48396864,-1.51564835
-1.05297246,-2.39297677,-1.70638107,-0.47449320,-0.09653617,0.90646372,-0.42416219,1.41540245,1.57656042,0.37520105
0.45858241,-1.31091931,-1.03853690,2.58281116,0.65870111,-2.04298673,-2.74234530,1.64928232,0.00718747,1.63295808
0.84178170,0.86151939,-0.09797761,-1.10517288,-0.93257834,1.15917355,0.45833088,1.80315945,-2.06233868,1.39633679
0.56423473,-0.90559455,-0.79271046,0.68181593,-1.36716103,3.43962668,0.89063451,1.42256233,1.19555071,-0.98724113
2.31336371,0.95831719,-0.21823125,-0.68454306,-0.80407961,-1.70543903,-1.78249345,0.33914495,-1.04597638,-0.41019785
0.66934438,0.56678992,-1.80708167,0.51173246,0.72221361,1.43726552,0.40524265,2.10240731,-1.88441495,1.30587384
-0.64320250,-1.90289593,-0.47576083,-1.11001532,0.54264614,-0.83636089,-0.48252444,1.81524902,0.55220939,1.92855019
-0.27416684,-1.58595782,-0.25070381,-1.50040148,0.26868014,-2.85311289,-1.20328872,-1.77477777,1.71321171,0.05019878
-1.28134311,-1.03551666,-2.38012668,0.77521932,-0.57100042,2.43615206,0.82255826,-1.16945645,-0.76118155,-1.23208823
0.27763887,0.51773607,0.20522334,0.03662928,-2.61586145,1.22997053,0.29974272,-1.37077679,-1.01364942,0.07485938
-0.34250230,-2.33288217,-3.25162117,0.26196885,1.04610413,-0.68839042,-0.35120429,1.34677970,1.00756493,1.64598554
2.25589252,0.43176378,-0.41734259,0.07850366,-2.17249417,3.17331042,0.33707707,-1.02055783,-1.66986896,0.34222215
-0.75808831,-1.63176818,-1.00969671,0.47656660,-2.85267400,0.27171297,-0.06192653,1.30887427,-0.01589507,-0.57570892
-2.11821331,-2.75873152,0.85821534,-4.68086579,-0.95916656,0.11593384,0.59321567,-1.09524970,-0.54212030,-0.13591164
-1.27142948,-0.97530122,-1.63721326,0.36805400,1.22855076,-0.93731273,-0.26720814,0.96699449,-0.35555475,1.70368776
0.87999683,-2.46765636,-0.81452498,-0.91839270,-0.48131243,0.31598625,0.16635280,1.21291075,0.40871494,0.84927523
-0.38849915,-2.53112636,-1.10797409,0.87297360,1.01651021,-0.09771557,1.84376949,-0.94675972,1.36338782,0.84360551
-1.20934684,-0.65280132,-1.13040448,-0.70899872,1.32195492,0.61420831,0.40281676,0.50909936,-1.71500623,0.47200452
1.60078017,-0.85775268,-1.08621326,0.81251124,0.60897355,0.70811384,-1.56450088,0.38421961,0.33525065,1.95594616
0.04992811,0.11475912,0.30545360,-0.97978623,1.57058924,-1.50271014,-0.17452599,-0.39811098,-1.81981028,-1.61122968
0.34350645,-0.66868357,1.46398601,-1.34110757,0.54969779,-1.81599029,-0.93481300,1.32551929,0.34794947,1.30105873
-1.16742873,-3.01259549,0.22734372,-1.60232827,0.57209116,0.03323347,-0.17692480,0.57750478,1.10582466,-0.11872651
-0.39548091,-1.05819708,-0.46828416,1.72299924,0.07597649,1.47939085,-0.22582545,-0.11524993,0.79174441,-1.18574052
0.13774954,-0.78303511,-0.92949756,-0.46348338,-2.82492266,1.86696505,2.61240874,-2.78302309,0.24403303,-0.34793666
-0.64777663,-0.47960933,-2.18685286,0.85438226,-2.37223545,-0.76295960,-1.08098228,-0.14567421,-0.20697819,-0.00907418
0.33914429,-0.69355369,1.80669789,-0.16893149,-1.54675569,0.02447540,0.55524726,4.04113400,-0.89050132,-1.21465934
0.32863502,-0.66784992,0.14252020,-1.75101334,-0.57801665,0.61874409,-0.00251179,2.41651175,-1.07771445,0.99195095
1.48935054,0.21549262,0.73595599,-0.25009390,-1.37627806,0.97824545,0.77715191,1.29105844,-0.84637085,0.17077405
0.47876730,0.62790128,-0.57475133,-0.02811178,-2.73533329,-1.23535002,-1.17808447,-0.55188042,-2.50869521,0.24931021
1.37207393,-1.22817048,-1.25791606,1.20967587,-2.40052802,1.29851897,-1.49829007,1.02394740,0.73937457,-0.59052651
-0.41055992,-0.77922535,0.33228364,-1.65564114,-1.59936396,1.08497007,-0.13186282,1.12497158,-1.68258818,-0.20329758
-1.29328094,-0.51216440,-0.73485208,-0.79104306,-0.07646719,1.17028146,0.03103585,1.52641097,0.05068398,0.29308910
1.08650093,0.17596914,-0.94043011,1.33514581,-0.98396520,3.84613754,0.54409497,-1.12896397,-1.08962292,-1.28120054
-0.22633808,-1.02916804,1.22241019,-0.54599414,-0.16956164,-1.05381735,-0.25261943,-0.75729905,0.62400164,1.52278132
0.05962414,-0.69228463,3.36692158,0.27129801,-0.86482885,1.24967669,0.69985448,-0.68552487,-0.94648733,-0.25600703
0.65864190,-0.44546930,-0.54741655,-1.92328308,0.34177413,-0.75224125,-1.49563392,2.70023919,-0.67318983,1.60678084
-0.13824692,0.72955047,0.61449780,-0.31606882,0.36450624,1.29526601,-0.07140057,0.08373793,-0.52687424,1.16168974
1.06422273,0.05828858,0.92134952,1.92723944,-1.65386742,2.54667530,0.79035396,-0.79999496,-1.74338213,-0.09843738
-0.63620407,-1.49637316,0.59962653,-0.63380392,-1.12359633,0.77996615,-0.14421958,0.92396212,0.69747011,-0.94729979
-0.53253693,-2.83536479,0.27633574,-0.20173040,1.07513676,0.06670230,-0.84749231,-1.17168634,0.95282678,2.11825336
1.19618598,-0.52653473,-0.08060122,-1.19948829,-0.49386454,-1.22317670,-0.91945881,1.07051842,-2.46355205,0.78339092
0.02029504,-1.57670029,-0.48437640,1.30342306,1.06380118,-1.62677729,-0.44854745,1.10694413,0.37570829,0.61481519
-2.19377235,-1.84402211,-0.26186592,-1.62103861,-1.37756698,-0.37087086,-0.93522242,0.39225609,0.32668018,-0.87701440
1.11878027,-1.66205794,0.67072989,-1.62303500,-0.89680727,0.91566520,0.58378787,-2.41191898,1.90667883,-1.06625247
1.55482789,-3.36881565,-0.80616547,-1.90391830,-1.80157289,-0.01154446,-0.93933442,-0.27377899,1.28457282,0.55488596
-0.15918590,-0.45547876,0.99009717,-0.64406206,-0.22465776,0.77537373,-1.36587974,1.30550109,-0.09151578,0.59008884
1.26636073,-2.35320041,-1.68233105,-0.18669591,1.93680821,0.46845544,-2.97742482,0.67394922,-0.87463127,0.38690252
-0.81201471,-2.51918995,-0.07090813,-0.23397557,1.78159515,0.70850900,0.49475598,-0.35655261,1.66221419,-0.68468290
0.48173346,1.65672682,-2.49611263,-1.19155487,0.23670470,1.63386059,0.48876892,0.00936467,-1.61424458,-0.36816794
1.43902089,0.28061350,-1.13189673,-0.91445081,-0.84777590,0.86644972,-1.04494176,-2.40735949,-3.06323008,-0.37569962
2.78040153,-1.08447916,-2.06060348,2.91790184,0.20998695,-1.12199076,-0.80069902,-1.39379197,2.21726765,-0.69040391
-0.57439947,0.13964507,0.01854300,-1.82101497,0.11157050,2.50985573,0.39072173,-3.28985486,-1.82894784,3.03942728
1.73250094,-0.88117587,0.36802771,-2.42011038,0.07293354,-1.22586521,-1.10216824,1.66058857,2.96917080,0.36624053
-2.15363737,0.95188855,-0.47146196,-2.41385247,-3.39196452,2.63839404,0.53062635,-3.70543575,-2.19115238,0.43159371
-0.68197781,-0.79504565,-0.10172641,-1.27357877,-1.52864841,-0.42999350,-0.82901951,-2.54453249,1.53289566,0.35646238
0.60879629,0.69972923,-0.53791474,-1.52377395,-1.40852282,1.99983310,0.72937873,-0.50984931,-2.58029635,0.99939750
1.28993562,-0.56389704,0.87482350,-1.75195833,2.81974198,0.49229997,-0.10003842,0.70045684,0.16992511,1.53536737
2.35331083,-0.41646053,0.87285620,0.81945723,-1.37112493,-0.17150634,-0.62101399,0.33028862,-0.65494320,-0.53117252
-1.07706943,-1.68859686,0.42553463,1.30555075,-1.94808536,0.43995190,-1.51956379,-1.72383011,1.12852973,-1.15397351
3.07489027,-0.26400989,-0.00633602,-1.31464467,-0.84957457,0.23983036,0.89571339,-0.32694705,-0.43953804,0.44975375
-0.66254458,0.64936322,-2.34403559,1.52873368,1.52909254,3.87358775,0.15290427,0.97151967,-1.20015166,-0.72430138
1.96802425,-1.50293436,-2.86936498,0.19957911,1.82927651,1.72782490,1.29228902,3.00478138,1.73756607,0.93448019
0.56903231,-0.46841036,-0.62996400,-1.43646392,-0.68128786,1.34498180,0.93105450,1.00514357,-0.60491440,2.77310207
1.12733332,1.77509093,-2.64504102,-0.54071406,1.18184863,1.65408013,0.98282792,-1.44741630,-0.73471394,1.00794770
0.89923008,-0.79722692,-1.55601837,1.84030363,-1.73359670,0.51731410,-0.05893989,-1.57047355,-0.19310197,-1.05581184
1.36160693,-2.13240378,-0.87530861,-0.56101892,-0.44815884,0.27321337,-0.32903912,0.88713386,-0.24806942,-0.97154967
0.29772057,-1.04471352,-1.15512973,1.50966581,1.60643500,1.78961022,0.35959533,1.17085354,0.58205421,-0.29279805
0.23276067,-2.13185215,-1.25192926,1.71114736,-1.64797190,-1.19066209,-0.68741955,-1.32825614,-0.36164377,-1.92150564
0.82604817,-0.55538058,0.13704223,-1.04028324,-0.72390415,0.08423531,-0.00220550,2.00403669,-0.94365039,0.67942589
1.55766846,-0.43554837,0.47261554,0.07360751,-3.77925542,1.18618178,0.51581749,-0.38393898,-0.89511529,0.19532387
-0.25914497,-0.83184705,1.82020289,-0.14136450,-0.73644109,2.07600092,0.12809000,0.45252875,1.13515688,-0.45015719
2.06359040,-1.51860218,-0.62136519,1.62479286,-0.75754683,1.53745849,0.52576283,-0.41149400,0.97567686,-1.47814670
0.03482581,0.02529415,-0.62937881,-2.14963123,0.03623150,1.24175363,0.23938525,-1.17668953,-1.38656387,-0.73667531
0.70518791,-0.25012842,-1.79250070,0.88895912,-2.18061955,2.77999497,-0.27774763,-1.82526330,-1.03370466,-0.00684796
-2.04035120,-1.90221863,-1.51536444,1.44401011,1.45014825,-0.04770219,0.43192327,-3.33995076,3.97112654,0.32492951
-0.96662421,-0.04072713,-1.36529478,1.73205745,0.30954723,0.03309763,-1.02220255,-1.16097551,-2.41381193,1.12415936
0.75960559,-1.27255787,0.06035524,-0.29549468,-0.47303343,2.18113090,-0.12620521,0.90354302,1.05288955,-1.12865998
1.81138554,-2.06860819,0.60415909,-0.81397870,-1.16098121,0.19736590,0.36629444,-0.31858211,1.22608865,-0.74492705
0.96696071,-1.22086788,-1.04123506,2.93783653,-0.26727794,1.26622379,-0.08795971,0.65077591,-0.46577413,0.60627724
0.10098142,1.91676909,-2.28643900,1.45774479,-1.32246781,1.84586640,0.28525945,1.45859598,-1.20030671,-1.57794127
-0.53686037,0.78660231,0.45717106,0.46793910,-0.63126195,3.37358167,0.40618989,-0.85613777,0.72876168,-0.54864282
0.65985225,0.41279715,-0.99598587,0.69719995,-1.27987457,1.59043632,-0.21016718,-1.28590114,-1.43824227,1.29527295
1.15945127,-1.51234946,-1.67190954,2.82851937,0.48567379,-0.47703779,-0.63622259,-0.44636172,-0.08156426,-0.98123413
0.07604484,-0.48300000,-0.49050268,-0.40832291,0.17001222,0.39690568,-1.80605492,0.07364970,-1.38775072,1.01966812
1.22859593,-0.32233910,-2.09833558,2.17567069,-0.38841653,-0.33175211,-0.36444417,-0.99960793,-1.31923276,-0.45634076
-0.04316743,-2.37660571,-2.59965505,-0.31737802,1.11136525,0.25379035,0.26509582,-0.61146526,0.84603107,0.28208018
1.68998628,-2.29164133,-1.15655304,-0.15029870,-1.54519859,2.41205878,-0.20056925,1.93831212,-1.36893120,-0.89886506
-0.01628745,-2.08710334,-0.69972744,-0.97149935,0.16421623,0.27113466,-1.40805872,0.04458467,0.26450465,-1.13506062
-1.48073113,-0.84429158,0.21480829,-0.37181486,-2.17399290,0.78172150,-0.69866972,0.54153440,-0.15305762,-0.94453360
-2.04988572,-2.16603777,-1.71324288,-1.08558714,1.76721415,-0.33157159,-0.92730024,1.08494972,1.90476823,0.74530694
0.32245096,-2.59548573,1.95766811,-0.46618364,-0.36274157,-0.08115769,0.38606387,-0.97952943,0.98658682,-0.63319977
0.54552380,-2.09694381,0.66746228,-2.04801903,-1.07777002,2.72306238,1.20621339,-0.20973167,0.71992913,-0.22135973
1.24536583,-1.64168576,-1.25627307,1.35368959,-0.77948296,-3.72917694,-0.69143353,0.66348288,-0.90950564,0.36368653
0.10014421,-1.26079688,2.01185222,0.77539731,-1.66935968,0.65683151,0.59358978,-1.24068470,1.53579531,-0.82795184
0.45810200,-0.89249634,0.70989329,0.47060496,-1.52734799,1.79110085,1.68159685,-0.81240348,-1.36300035,0.36129344
1.11787204,-0.76929674,1.82914719,-0.30989901,-1.54666993,1.98004061,0.80260914,-0.63627218,1.66003096,-0.46452916
0.24181775,-0.05501583,-2.03101337,2.10718448,-1.24528357,-0.74470967,-1.15644750,-1.68754935,-0.64669579,-0.68520019
-0.46986948,-1.72942252,-1.09022250,-0.47309245,2.10355005,0.25565554,-0.55708650,1.24807435,1.06578281,0.71473225
-1.20471376,-1.18186410,-0.40812174,1.95685084,-1.52911842,-1.30586433,-0.54332984,-0.95651474,1.60693541,-1.49885218
0.56552222,-0.17675250,0.33245659,-0.90101350,-0.23404541,-1.43266687,-0.19133309,-2.22948997,-0.08880506,-0.87945139
-0.37098953,-1.85048843,-0.42110081,-0.47356580,1.99703274,3.24329803,1.01933996,3.56697544,0.23559990,0.42336220
0.37569077,-0.44148810,-0.00554541,-1.02983102,-2.76884574,1.38731038,-0.56298563,1.55636279,-0.22713247,0.66304145
1.43936453,-1.99505446,0.50836781,1.73196184,3.33051483,1.03182544,-0.41620646,1.38429090,0.56034097,1.43324146
0.13149870,-0.30726695,-0.78245922,1.53164788,-0.39390301,2.92267578,1.27549938,-1.55885719,0.49102255,-1.69612320
-0.27589215,-0.46289284,-0.91375212,-0.17627075,-1.82799023,0.46375700,0.36012391,-0.26932617,-0.70369053,0.27349214
0.52987827,0.78646819,0.22841851,0.83905721,-1.50701660,1.38720742,0.69840264,-2.28375310,-0.94960945,-0.49863712
0.32350681,-0.05441554,-0.84356253,-0.35348601,0.42813547,0.43165943,0.13931919,1.63259099,-2.90410789,-0.58239549
-0.13162693,0.33674894,-0.27793840,-1.86982367,2.21290985,1.40693789,-0.32408143,1.66977404,-0.88023182,-1.58071147
-0.40912743,-0.42523756,-0.30327405,0.34603491,-2.35881440,-1.58759786,-1.11303136,0.26841156,-0.51261828,0.21153084
-1.16077731,-1.90620681,-0.39388085,-1.88694510,-0.32076201,2.61100932,0.42183058,0.22192686,2.27185771,-0.59679839
1.05514198,-0.25056285,-1.29502034,2.14885215,-2.43274724,2.24956726,0.09209430,-2.18275284,-0.71437766,0.05974075
0.92432631,-0.91563372,-0.28368210,-0.59545885,-2.52904154,-1.23245935,-1.96735085,0.98399612,0.18434940,-0.03592557
-0.96860350,0.71147962,-0.43307171,-0.03076920,0.71574217,1.40146225,0.31505201,-0.70765890,-2.01389340,-0.38048021
-0.85566321,-0.87509963,0.90870982,0.27846749,1.42291425,-0.57309133,-2.11489026,0.45967205,-0.45024450,0.93691140
0.70377735,-1.58129205,-1.40387984,0.25398413,1.73076712,1.91329995,0.99368159,-1.19825205,0.61730196,-0.02899366
-0.35611387,0.87521813,-1.10749892,1.68703436,-2.53597803,-1.73145174,-0.49961638,0.15316785,-1.67699561,0.36924455
0.95938813,-0.53978446,-0.01030582,-0.87558367,2.40431818,1.33443794,0.83999431,2.04488281,0.85812071,1.50712530
-0.96221804,-1.16421798,-0.33973556,0.68552699,0.87246029,3.62133807,1.97064831,0.20524789,1.10027913,-0.62672184
0.09857752,-1.55758261,-0.84314438,0.87346448,-0.80303667,1.06748565,-0.03230273,-0.80334966,1.83058048,-0.19474550
-0.62862063,-0.42274698,-0.20686875,-2.10541367,-1.76730913,-1.57205069,-0.36662754,-0.48346846,-2.35204542,0.27969474
-0.51675829,-1.60641046,-0.55168759,1.04856952,-1.85935451,-0.37691020,-0.26274015,0.45523981,-1.41145613,-0.82758417
-0.86162711,-1.03163598,0.64224529,-2.33347850,-1.50805911,-0.66066144,0.09766197,1.26208892,-0.22500579,0.18252294
-1.55197903,-0.71996501,0.23210183,-0.95116093,-0.91650567,0.03608610,-0.24457323,1.05603626,-3.41700431,-0.16642705
-1.46230195,-0.68433558,0.93761495,-2.77459653,1.37524899,-2.17385705,-0.95484452,1.76378004,0.80926576,1.74237893
0.31621242,-0.10735321,-0.28002520,-0.64057927,-0.28133646,0.05606858,-0.97309480,-3.07084622,-1.06283725,-0.53737879
1.01415999,-1.01191883,-0.44435895,0.61497393,0.01562940,2.10204617,0.63652260,3.39308682,1.60525376,1.10351054
0.20538378,-0.45458528,0.38133556,-0.65963023,-0.68132285,0.77094199,0.28673387,0.20580096,-0.35295295,0.93596541
-1.21604920,1.17848015,-0.85896602,1.71277452,-2.88417627,2.41896232,-0.07624337,0.58645979,0.01443190,0.45584858
0.57936009,-1.21857325,0.14437074,-1.23456225,-1.06616106,0.52949605,-0.53632716,-0.02567856,0.11616243,-1.28791708
1.05567143,-1.06104657,-0.60547880,0.54157018,1.70436026,1.47949706,-1.50933212,-1.14622694,1.42113816,-0.11696349
-0.88386686,0.42637761,1.09882078,0.85081848,-0.35438940,1.31954669,-0.20906480,-3.48374189,-2.82710597,-1.04785661
-0.32785432,1.07382010,-0.63953333,0.21071175,0.71660938,2.42148024,0.76857323,-0.96789426,-1.79062259,0.03156432
-1.05263222,-2.46475547,1.17614464,-1.21551312,1.78218153,0.10583881,-1.02048043,-1.05804597,1.02899281,-0.19853737
-1.06578134,-1.42268261,0.31438178,-2.63283663,-1.42609132,0.23769454,0.04650485,-2.16341119,1.27513835,-0.41469082
0.95765694,0.17533464,0.82000555,-0.33141027,-3.97742320,2.54642556,1.28644982,-0.41037964,-1.46288142,0.56825230
0.23572711,-0.46753350,-0.04632281,-0.87598853,-1.88217940,-0.64868171,-1.38478317,1.13578121,-0.53451564,-0.86988008
-0.29749964,-2.10038300,-2.65089674,-0.15952182,0.38029187,0.44399726,0.09997259,-0.00063484,2.53175043,0.76814399
2.66591462,-1.79416529,-1.94860275,1.86318758,-0.22968592,-0.71877094,-0.03189939,-0.98363441,2.51181365,-0.73564940
1.33459407,-0.92180541,-0.00694580,-3.58277408,-1.87446115,0.76932033,-1.02862333,0.30331614,2.66042152,-0.06972891
1.55377209,-3.76363888,-2.22593183,-2.70586114,-0.22466776,-1.51877474,-0.65043596,-1.13741626,0.67011526,-0.65456605
-0.04740462,-0.94530727,-0.60643819,-0.24013191,-1.17050276,0.63244497,-0.11899378,0.24255824,0.97693387,-1.29514459
1.37070409,1.08049737,0.15320556,0.14058400,-1.20385919,2.30353347,-1.76372717,1.71805366,-0.58492364,0.17034086
0.06768295,-0.92707185,0.33347021,-0.21053196,-1.93578789,-1.39248427,-0.79540180,-1.18092508,-0.96152233,0.08292963
0.78622737,0.25323931,0.11470788,-1.40181919,-2.21593435,-1.85876791,-1.18869269,-0.28130968,-1.43174178,0.75550795
-1.65924411,-1.42787411,-0.70335195,2.99261738,0.87322069,3.89269906,0.75502423,-0.46311966,-0.00994066,-1.54971987
-0.88500244,1.63563037,0.79483620,0.35361957,1.20077143,3.12796979,-0.23665579,1.19359823,0.13653806,2.12504378
0.32483081,0.63401111,-2.52289153,1.48738031,-0.59208141,2.00003735,-0.94100156,1.12044348,-1.96729631,0.14794550
0.66266115,-1.17341174,0.31848289,-1.06312992,-0.58890933,1.03618743,-0.44132620,1.74045961,-0.44931794,-0.97774512
-0.40399519,0.48571756,0.69826876,-2.20241634,-1.89494027,-0.74336026,-1.09669471,0.33262852,-2.12429149,1.06398951
-1.15064751,1.00686359,-1.73606666,-0.74727868,0.53478284,1.17340977,0.85441947,0.11069272,0.03069790,-0.83786625
-0.14198707,0.01595714,-1.37302009,1.01666814,0.64798303,1.03042891,-1.05510590,1.44934442,-0.34736452,-1.03801152
-0.82143083,-1.51158173,2.42602954,1.95757607,2.91262277,2.54958507,1.21579778,3.61145780,1.67058614,0.81859037
-0.03526835,0.05896669,-1.57201833,-0.85334059,-2.02026865,1.79787258,0.34461565,-0.33914963,-0.22590487,1.10143771
0.89028329,-0.88198522,-1.01288738,0.06786433,-0.36116876,-0.18456447,-0.75572657,0.54796496,-2.12720674,0.52411549
-0.60308069,-0.85504981,1.12417303,-2.19323971,-0.39549826,0.39713090,0.79151831,0.39509801,0.92440686,-0.68806564
